[{"cf":[-422.0306091308594,251.3811798095703,784.0450439453125,-0.09063709527254105,7.87977825211783e-8,-0.9958840012550354,4.6514121443408389e-9,1,7.870011842214808e-8,0.9958840012550354,2.5008835002893194e-9,-0.09063709527254105],"ws":24,"jump":false,"delta":0.01443624496459961,"pos":[-422.0306091308594,251.3811798095703,784.0450439453125]},{"cf":[-421.7844543457031,251.3811798095703,784.0675048828125,-0.09063709527254105,1.0655701743189639e-7,-0.9958840012550354,7.00224234151392e-9,1,1.0636013314524462e-7,0.9958840012550354,2.666752818569762e-9,-0.09063709527254105],"ws":24,"jump":false,"delta":0.017198801040649415,"pos":[-421.7844543457031,251.3811798095703,784.0675048828125]},{"cf":[-421.40863037109377,251.3811798095703,784.1016845703125,0.05526607111096382,-6.360457405207853e-8,-0.9984716773033142,2.8830118292688668e-9,1,-6.354235893013538e-8,0.9984716773033142,6.331313251450865e-10,0.05526607111096382],"ws":24,"jump":false,"delta":0.016376972198486329,"pos":[-421.40863037109377,251.3811798095703,784.1016845703125]},{"cf":[-421.009765625,251.3811798095703,784.0902709960938,0.2598785161972046,-5.436140213532781e-7,-0.9656413197517395,1.6791931400916839e-8,1,-5.584373639067053e-7,0.9656413197517395,1.289108837454478e-7,0.2598785161972046],"ws":24,"jump":false,"delta":0.016916275024414064,"pos":[-421.009765625,251.3811798095703,784.0902709960938]},{"cf":[-420.6197814941406,251.3811798095703,784.0078125,0.4883945882320404,-9.52391587816237e-7,-0.8726229071617127,4.343961279573705e-8,1,-0.0000010671000154616195,0.8726229071617127,4.832594981962757e-7,0.4883945882320404],"ws":24,"jump":false,"delta":0.016222715377807618,"pos":[-420.6197814941406,251.3811798095703,784.0078125]},{"cf":[-420.2591247558594,251.3811798095703,783.84033203125,0.7012808918952942,-0.000001060614295056439,-0.7128850817680359,5.7877191039779066e-8,1,-0.000001430842303307145,0.7128850817680359,9.621626304578968e-7,0.7012808918952942],"ws":24,"jump":false,"delta":0.01675868034362793,"pos":[-420.2591247558594,251.3811798095703,783.84033203125]},{"cf":[-419.95184326171877,251.3811798095703,783.589111328125,0.8525892496109009,-8.174699246410455e-7,-0.5225816369056702,5.0543302876349119e-8,1,-0.0000014818301679042634,0.5225816369056702,0.000001236979528584925,0.8525892496109009],"ws":24,"jump":false,"delta":0.016152143478393556,"pos":[-419.95184326171877,251.3811798095703,783.589111328125]},{"cf":[-419.7177734375,251.3811798095703,783.2679443359375,0.9290750026702881,-4.192677920400456e-7,-0.36989137530326846,1.8191020245694746e-8,1,-0.0000010877976137635415,0.36989137530326846,0.0000010039168500952656,0.9290750026702881],"ws":24,"jump":false,"delta":0.016606807708740236,"pos":[-419.7177734375,251.3811798095703,783.2679443359375]},{"cf":[-419.5531311035156,251.3811798095703,782.9046630859375,0.967254638671875,-1.3634870299483738e-7,-0.2538079619407654,-9.96351090520875e-9,1,-5.75182752982073e-7,0.2538079619407654,5.588769909081748e-7,0.967254638671875],"ws":24,"jump":false,"delta":0.017084836959838868,"pos":[-419.5531311035156,251.3811798095703,782.9046630859375]},{"cf":[-419.44097900390627,251.3811798095703,782.5211791992188,0.9827468991279602,-6.676875941025173e-9,-0.18495546281337739,-2.782051211625003e-8,1,-1.8392211131867953e-7,0.18495546281337739,1.858944358446024e-7,0.9827468991279602],"ws":24,"jump":false,"delta":0.019011974334716798,"pos":[-419.44097900390627,251.3811798095703,782.5211791992188]},{"cf":[-419.3614807128906,251.3811798095703,782.1293334960938,0.9968981742858887,4.6364373673668527e-8,-0.07870219647884369,-4.881980686377574e-8,1,-2.9274907831222664e-8,0.07870219647884369,3.3026328338792157e-8,0.9968981742858887],"ws":24,"jump":false,"delta":0.014378786087036133,"pos":[-419.3614807128906,251.3811798095703,782.1293334960938]},{"cf":[-419.32183837890627,251.3811798095703,781.7316284179688,0.9996612071990967,4.0942119028386517e-8,-0.026028059422969819,-4.339721471069424e-8,1,-9.376011433914755e-8,0.026028059422969819,9.485789576046955e-8,0.9996612071990967],"ws":24,"jump":false,"delta":0.01709914207458496,"pos":[-419.32183837890627,251.3811798095703,781.7316284179688]},{"cf":[-419.3072509765625,251.3811798095703,781.3319702148438,0.9993832111358643,1.4958006389065305e-8,0.035116519778966907,-1.1989190973338282e-8,1,-8.475243618022432e-8,-0.035116519778966907,8.427914366393452e-8,0.9993832111358643],"ws":24,"jump":false,"delta":0.01746654510498047,"pos":[-419.3072509765625,251.3811798095703,781.3319702148438]},{"cf":[-419.31744384765627,251.3811798095703,780.9323120117188,0.995225191116333,-1.1444625691581223e-8,0.09760572761297226,1.8759152453640128e-8,1,-7.402183399563e-8,-0.09760572761297226,7.549939340378842e-8,0.995225191116333],"ws":24,"jump":false,"delta":0.015399694442749024,"pos":[-419.31744384765627,251.3811798095703,780.9323120117188]},{"cf":[-419.35272216796877,251.3811798095703,780.533935546875,0.9912153482437134,-4.0424062319743828e-8,0.13225790858268739,4.908675066417345e-8,1,-6.223810089522886e-8,-0.13225790858268739,6.818346776071849e-8,0.9912153482437134],"ws":24,"jump":false,"delta":0.01648545265197754,"pos":[-419.35272216796877,251.3811798095703,780.533935546875]},{"cf":[-419.40350341796877,251.3811798095703,780.13720703125,0.9892725944519043,-7.106081056917901e-8,0.14608117938041688,7.922093914203288e-8,1,-5.004268999186934e-8,-0.14608117938041688,6.107855199388723e-8,0.9892725944519043],"ws":24,"jump":false,"delta":0.016106367111206056,"pos":[-419.40350341796877,251.3811798095703,780.13720703125]},{"cf":[-419.4610900878906,251.3811798095703,779.7413940429688,0.9892726540565491,-1.0262626659596208e-7,0.1460808515548706,1.09329370445721e-7,1,-3.7857727619439177e-8,-0.1460808515548706,5.342254283391412e-8,0.9892726540565491],"ws":24,"jump":false,"delta":0.01697254180908203,"pos":[-419.4610900878906,251.3811798095703,779.7413940429688]},{"cf":[-419.51953125,251.3811798095703,779.3456420898438,0.9892726540565491,-8.402516726846443e-8,0.14608082175254823,8.741686485791434e-8,1,-1.6798564317355159e-8,-0.14608082175254823,2.9388287359211064e-8,0.9892726540565491],"ws":24,"jump":false,"delta":0.016929149627685548,"pos":[-419.51953125,251.3811798095703,779.3456420898438]},{"cf":[-419.5780029296875,251.3811798095703,778.9498901367188,0.9892726540565491,-4.87339093524497e-8,0.14608082175254823,4.8198753432870947e-8,1,7.2028787378997098e-9,-0.14608082175254823,-8.469736717531262e-11,0.9892726540565491],"ws":24,"jump":false,"delta":0.01657557487487793,"pos":[-419.5780029296875,251.3811798095703,778.9498901367188]},{"cf":[-419.636474609375,251.3811798095703,778.5541381835938,0.9882285594940186,-1.3472206461528913e-8,0.15298451483249665,8.847662158473213e-9,1,3.0909621528962819e-8,-0.15298451483249665,-2.9192214867634904e-8,0.9882285594940186],"ws":24,"jump":false,"delta":0.016591548919677736,"pos":[-419.636474609375,251.3811798095703,778.5541381835938]},{"cf":[-419.697265625,251.3811798095703,778.1588134765625,0.9871363639831543,2.155529088554431e-8,0.1598806083202362,-3.0634236480864277e-8,1,5.432101346514173e-8,-0.1598806083202362,-5.852006523809905e-8,0.9871363639831543],"ws":24,"jump":false,"delta":0.01736283302307129,"pos":[-419.697265625,251.3811798095703,778.1588134765625]},{"cf":[-419.76080322265627,251.3811798095703,777.763916015625,0.9871363639831543,5.6756189081852429e-8,0.1598806083202362,-7.008241453831943e-8,1,7.77124213868774e-8,-0.1598806083202362,-8.791757011294976e-8,0.9871363639831543],"ws":24,"jump":false,"delta":0.016179561614990236,"pos":[-419.76080322265627,251.3811798095703,777.763916015625]},{"cf":[-419.82476806640627,251.3811798095703,777.369140625,0.9835717082023621,5.586306528471141e-8,0.18051773309707642,-6.832699028791467e-8,1,6.282721187744755e-8,-0.18051773309707642,-7.412930358441372e-8,0.9835717082023621],"ws":24,"jump":false,"delta":0.01629328727722168,"pos":[-419.82476806640627,251.3811798095703,777.369140625]},{"cf":[-419.895751953125,251.3811798095703,776.9754638671875,0.9795752763748169,4.385933394246422e-8,0.2010776698589325,-5.212621800865236e-8,1,3.5818093380157737e-8,-0.2010776698589325,-4.5567936979296067e-8,0.9795752763748169],"ws":24,"jump":false,"delta":0.017388105392456056,"pos":[-419.895751953125,251.3811798095703,776.9754638671875]},{"cf":[-419.9749450683594,251.3811798095703,776.5834350585938,0.975149393081665,3.246537971790531e-8,0.22154833376407624,-3.537768478167891e-8,1,9.176990722892242e-9,-0.22154833376407624,-1.6786804835078329e-8,0.975149393081665],"ws":24,"jump":false,"delta":0.015874385833740236,"pos":[-419.9749450683594,251.3811798095703,776.5834350585938]},{"cf":[-420.06231689453127,251.3811798095703,776.193115234375,0.9668235778808594,2.1438641084614575e-8,0.2554450035095215,-1.7724707035426947e-8,1,-1.6841100958231438e-8,-0.2554450035095215,1.1754686113363278e-8,0.9668235778808594],"ws":24,"jump":false,"delta":0.017302751541137697,"pos":[-420.06231689453127,251.3811798095703,776.193115234375]},{"cf":[-420.1624755859375,251.3811798095703,775.805908203125,0.9631627202033997,1.1188455495414474e-8,0.2689192295074463,2.744252602937536e-10,1,-4.258814456647997e-8,-0.2689192295074463,4.1093112912449217e-8,0.9631627202033997],"ws":24,"jump":false,"delta":0.016600370407104493,"pos":[-420.1624755859375,251.3811798095703,775.805908203125]},{"cf":[-420.26922607421877,251.3811798095703,775.4204711914063,0.9593141078948975,1.3577907687079006e-9,0.28234100341796877,1.861561393923239e-8,1,-6.805958463473871e-8,-0.28234100341796877,7.054646999904435e-8,0.9593141078948975],"ws":24,"jump":false,"delta":0.01691436767578125,"pos":[-420.26922607421877,251.3811798095703,775.4204711914063]},{"cf":[-420.38134765625,251.3811798095703,775.0364990234375,0.9593141078948975,-9.036662085293301e-9,0.28234097361564639,3.694114170116336e-8,1,-9.35092643317148e-8,-0.28234097361564639,1.0013475559844665e-7,0.9593141078948975],"ws":24,"jump":false,"delta":0.01639246940612793,"pos":[-420.38134765625,251.3811798095703,775.0364990234375]},{"cf":[-420.4942626953125,251.3811798095703,774.6527099609375,0.9593141078948975,-1.629561197091789e-8,0.28234097361564639,4.718551949167704e-8,1,-1.0260686877927583e-7,-0.28234097361564639,1.117546233331268e-7,0.9593141078948975],"ws":24,"jump":false,"delta":0.01679849624633789,"pos":[-420.4942626953125,251.3811798095703,774.6527099609375]},{"cf":[-420.607177734375,251.3811798095703,774.2689208984375,0.9573195576667786,-1.3391862729861259e-8,0.2890316843986511,3.295689410265368e-8,1,-6.282500208953934e-8,-0.2890316843986511,6.966919130491078e-8,0.9573195576667786],"ws":24,"jump":false,"delta":0.01658010482788086,"pos":[-420.607177734375,251.3811798095703,774.2689208984375]},{"cf":[-420.722412109375,251.3811798095703,773.8858032226563,0.9573194980621338,-1.1270540944963159e-8,0.28903186321258547,1.874042254712549e-8,1,-2.3077149080563687e-8,-0.28903186321258547,2.7508782807217359e-8,0.9573194980621338],"ws":24,"jump":false,"delta":0.016274452209472657,"pos":[-420.722412109375,251.3811798095703,773.8858032226563]},{"cf":[-420.8380126953125,251.3811798095703,773.5029907226563,0.9573200941085815,-9.151096769244305e-9,0.2890298664569855,4.536184761150253e-9,1,1.6636743538356315e-8,-0.2890298664569855,-1.4615595844702512e-8,0.9573200941085815],"ws":24,"jump":false,"delta":0.018039226531982423,"pos":[-420.8380126953125,251.3811798095703,773.5029907226563]},{"cf":[-420.95361328125,251.3811798095703,773.1201782226563,0.9573200941085815,-7.03340097274463e-9,0.2890298366546631,-9.655914290362944e-9,1,5.6316682872648019e-8,-0.2890298366546631,-5.670393932177831e-8,0.9573200941085815],"ws":24,"jump":false,"delta":0.015633583068847657,"pos":[-420.95361328125,251.3811798095703,773.1201782226563]},{"cf":[-421.0692138671875,251.3811798095703,772.7373657226563,0.9573200941085815,-4.917511287061416e-9,0.2890298366546631,-2.3835884377376716e-8,1,9.596269734402085e-8,-0.2890298366546631,-9.875629558564469e-8,0.9573200941085815],"ws":24,"jump":false,"delta":0.016626596450805665,"pos":[-421.0692138671875,251.3811798095703,772.7373657226563]},{"cf":[-421.184814453125,251.3811798095703,772.3545532226563,0.9573200941085815,-1.8643979693422354e-9,0.2890298366546631,-2.35960229133525e-8,1,8.460491329742581e-8,-0.2890298366546631,-8.781394456036651e-8,0.9573200941085815],"ws":24,"jump":false,"delta":0.016843318939208986,"pos":[-421.184814453125,251.3811798095703,772.3545532226563]},{"cf":[-421.3004150390625,251.3811798095703,771.9717407226563,0.9573200941085815,1.4989836039092098e-9,0.2890298366546631,-1.8555851966084448e-8,1,5.627414267905806e-8,-0.2890298366546631,-5.92355604567274e-8,0.9573200941085815],"ws":24,"jump":false,"delta":0.016785144805908204,"pos":[-421.3004150390625,251.3811798095703,771.9717407226563]},{"cf":[-421.416015625,251.3811798095703,771.5889282226563,0.961261510848999,5.686235038382392e-9,0.27563801407814028,-1.3915616214887905e-8,1,2.790003783559314e-8,-0.27563801407814028,-3.0654906169047538e-8,0.961261510848999],"ws":24,"jump":false,"delta":0.016953229904174806,"pos":[-421.416015625,251.3811798095703,771.5889282226563]},{"cf":[-421.5270690917969,251.3811798095703,771.20458984375,0.961261510848999,9.043858106849712e-9,0.27563801407814028,-9.279334634015868e-9,1,-4.4983189395608749e-10,-0.27563801407814028,-2.1253314663738367e-9,0.961261510848999],"ws":24,"jump":false,"delta":0.016356468200683595,"pos":[-421.5270690917969,251.3811798095703,771.20458984375]},{"cf":[-421.6373291015625,251.3811798095703,770.820068359375,0.961261510848999,1.2398607474040091e-8,0.27563801407814028,-4.647006779379126e-9,1,-2.877548865853896e-8,-0.27563801407814028,2.637987783771223e-8,0.961261510848999],"ws":24,"jump":false,"delta":0.018018245697021486,"pos":[-421.6373291015625,251.3811798095703,770.820068359375]},{"cf":[-421.74755859375,251.3811798095703,770.435546875,0.963162899017334,1.5565969846420559e-8,0.2689186632633209,-2.1637751312919563e-10,1,-5.710857919893897e-8,-0.2689186632633209,5.494667476568793e-8,0.963162899017334],"ws":24,"jump":false,"delta":0.015466928482055664,"pos":[-421.74755859375,251.3811798095703,770.435546875]},{"cf":[-421.8554992675781,251.3811798095703,770.0503540039063,0.963162899017334,1.8914983357376515e-8,0.26891863346099856,4.210467974274934e-9,1,-8.541746865375899e-8,-0.26891863346099856,8.340320789557154e-8,0.963162899017334],"ws":24,"jump":false,"delta":0.016837358474731447,"pos":[-421.8554992675781,251.3811798095703,770.0503540039063]},{"cf":[-421.9630432128906,251.3811798095703,769.6651000976563,0.9668233394622803,2.1094916036190626e-8,0.2554458975791931,8.238220772227578e-9,1,-1.1376115338634918e-7,-0.2554458975791931,1.1209135664103087e-7,0.9668233394622803],"ws":24,"jump":false,"delta":0.016834497451782228,"pos":[-421.9630432128906,251.3811798095703,769.6651000976563]},{"cf":[-422.0660095214844,251.3811798095703,769.278564453125,0.9685832858085632,1.4901669231903726e-8,0.24868936836719514,7.517119371414083e-9,1,-8.919813154761869e-8,-0.24868936836719514,8.826524577898454e-8,0.9685832858085632],"ws":24,"jump":false,"delta":0.016220808029174806,"pos":[-422.0660095214844,251.3811798095703,769.278564453125]},{"cf":[-422.1658935546875,251.3811798095703,768.8911743164063,0.9719613194465637,5.345726084016178e-9,0.23514075577259065,5.870475661140517e-9,1,-4.699993993995122e-8,-0.23514075577259065,4.706251033326225e-8,0.9719613194465637],"ws":24,"jump":false,"delta":0.016707897186279298,"pos":[-422.1658935546875,251.3811798095703,768.8911743164063]},{"cf":[-422.2607421875,251.3811798095703,768.5026245117188,0.9719613194465637,-2.9691964442690734e-9,0.23514075577259065,4.225236160948498e-9,1,-4.83782436333513e-9,-0.23514075577259065,5.6957034644256059e-9,0.9719613194465637],"ws":24,"jump":false,"delta":0.01639533042907715,"pos":[-422.2607421875,251.3811798095703,768.5026245117188]},{"cf":[-422.3548583984375,251.3811798095703,768.1139526367188,0.9719613194465637,-1.1277008660215415e-8,0.23514075577259065,2.5814024251502589e-9,1,3.728824182758217e-8,-0.23514075577259065,-3.563573613973858e-8,0.9719613194465637],"ws":24,"jump":false,"delta":0.016496658325195314,"pos":[-422.3548583984375,251.3811798095703,768.1139526367188]},{"cf":[-422.448974609375,251.3811798095703,767.7252807617188,0.9719613194465637,-1.9577720777874675e-8,0.23514075577259065,9.389748978350099e-10,1,7.937829593629431e-8,-0.23514075577259065,-7.693184045365342e-8,0.9719613194465637],"ws":24,"jump":false,"delta":0.017049551010131837,"pos":[-422.448974609375,251.3811798095703,767.7252807617188]},{"cf":[-422.5430908203125,251.3811798095703,767.3366088867188,0.9719613194465637,-2.387226594180447e-8,0.23514075577259065,-4.956489108032258e-10,1,1.035720771369597e-7,-0.23514075577259065,-1.0078460377371812e-7,0.9719613194465637],"ws":24,"jump":false,"delta":0.016805410385131837,"pos":[-422.5430908203125,251.3811798095703,767.3366088867188]},{"cf":[-422.63720703125,251.3811798095703,766.9479370117188,0.9719613194465637,-1.6171050276625466e-8,0.23514075577259065,-1.3101161266959594e-9,1,7.41871915010961e-8,-0.23514075577259065,-7.241514765610191e-8,0.9719613194465637],"ws":24,"jump":false,"delta":0.016576290130615236,"pos":[-422.63720703125,251.3811798095703,766.9479370117188]},{"cf":[-422.7313232421875,251.3811798095703,766.5592651367188,0.9719613194465637,-8.476417789893276e-9,0.23514075577259065,-2.123887288263404e-9,1,4.48274235509416e-8,-0.23514075577259065,-4.406993525662983e-8,0.9719613194465637],"ws":24,"jump":false,"delta":0.016695261001586915,"pos":[-422.7313232421875,251.3811798095703,766.5592651367188]},{"cf":[-422.825439453125,251.3811798095703,766.1705932617188,0.9719613194465637,-7.883641517381079e-10,0.23514075577259065,-2.9369624510167115e-9,1,1.5492753746570999e-8,-0.23514075577259065,-1.5748957693517697e-8,0.9719613194465637],"ws":24,"jump":false,"delta":0.016027450561523439,"pos":[-422.825439453125,251.3811798095703,766.1705932617188]},{"cf":[-422.9195556640625,251.3811798095703,765.7819213867188,0.9719613194465637,6.8931154117990449e-9,0.23514075577259065,-3.749340837799764e-9,1,-1.3816835675584116e-8,-0.23514075577259065,1.2547807237694997e-8,0.9719613194465637],"ws":24,"jump":false,"delta":0.017345428466796876,"pos":[-422.9195556640625,251.3811798095703,765.7819213867188]},{"cf":[-423.013671875,251.3811798095703,765.3932495117188,0.9719613194465637,1.4568025008543373e-8,0.23514075577259065,-4.561022226567957e-9,1,-4.310136603180581e-8,-0.23514075577259065,4.082037818875506e-8,0.9719613194465637],"ws":24,"jump":false,"delta":0.016487836837768556,"pos":[-423.013671875,251.3811798095703,765.3932495117188]},{"cf":[-423.1077880859375,251.3811798095703,765.0045776367188,0.9719613194465637,2.2236372743122957e-8,0.23514075577259065,-5.372008171633524e-9,1,-7.236086219108984e-8,-0.23514075577259065,6.90687826931935e-8,0.9719613194465637],"ws":24,"jump":false,"delta":0.016662120819091798,"pos":[-423.1077880859375,251.3811798095703,765.0045776367188]},{"cf":[-423.201904296875,251.3811798095703,764.6159057617188,0.9719613194465637,2.9898163944608316e-8,0.23514075577259065,-6.182299117085677e-9,1,-1.0159534724607511e-7,-0.23514075577259065,9.729303940275713e-8,0.9719613194465637],"ws":24,"jump":false,"delta":0.016531944274902345,"pos":[-423.201904296875,251.3811798095703,764.6159057617188]},{"cf":[-423.2960205078125,251.3811798095703,764.2272338867188,0.9719613194465637,3.242478996412501e-8,0.23514075577259065,-6.082451875499828e-9,1,-1.1275324141024612e-7,-0.23514075577259065,1.0816155793236249e-7,0.9719613194465637],"ws":24,"jump":false,"delta":0.016811370849609376,"pos":[-423.2960205078125,251.3811798095703,764.2272338867188]},{"cf":[-423.39013671875,251.3811798095703,763.8385620117188,0.9719613194465637,1.957000606012116e-8,0.23514075577259065,-3.255522740275296e-9,1,-6.9769974686551e-8,-0.23514075577259065,6.70482123155125e-8,0.9719613194465637],"ws":24,"jump":false,"delta":0.01657247543334961,"pos":[-423.39013671875,251.3811798095703,763.8385620117188]},{"cf":[-423.4842529296875,251.3811798095703,763.4498901367188,0.9719613194465637,6.726212475882676e-9,0.23514075577259065,-4.3101042179749529e-10,1,-2.6823451904078867e-8,-0.23514075577259065,2.5970010142373213e-8,0.9719613194465637],"ws":24,"jump":false,"delta":0.016468524932861329,"pos":[-423.4842529296875,251.3811798095703,763.4498901367188]},{"cf":[-423.578369140625,252.2466278076172,763.0612182617188,0.9719613194465637,-6.106599670374635e-9,0.23514075577259065,2.3910848856445456e-9,1,1.60863553588797e-8,-0.23514075577259065,-1.5073073456051135e-8,0.9719613194465637],"ws":24,"jump":true,"delta":0.017880678176879884,"pos":[-423.578369140625,252.2466278076172,763.0612182617188]},{"cf":[-423.6724853515625,253.0575714111328,762.6725463867188,0.9719613194465637,-1.892844103679181e-8,0.2351408153772354,5.210763820429065e-9,1,5.895948262946149e-8,-0.2351408153772354,-5.6081070454183649e-8,0.9719613194465637],"ws":24,"jump":false,"delta":0.01571178436279297,"pos":[-423.6724853515625,253.0575714111328,762.6725463867188]},{"cf":[-423.7666015625,253.81402587890626,762.2838745117188,0.9719613194465637,-3.1739322281509888e-8,0.2351408451795578,8.028030684670285e-9,1,1.0179595477666226e-7,-0.2351408451795578,-9.705401282644743e-8,0.9719613194465637],"ws":24,"jump":false,"delta":0.016635417938232423,"pos":[-423.7666015625,253.81402587890626,762.2838745117188]},{"cf":[-423.8607177734375,254.51597595214845,761.8952026367188,0.9719613194465637,-4.453925228631306e-8,0.235140860080719,1.0842885700412808e-8,1,1.445958304202577e-7,-0.235140860080719,-1.3799194675812033e-7,0.9719613194465637],"ws":24,"jump":false,"delta":0.017432451248168947,"pos":[-423.8607177734375,254.51597595214845,761.8952026367188]},{"cf":[-423.954833984375,255.16342163085938,761.5065307617188,0.9719613194465637,-4.090226113362405e-8,0.235140860080719,9.770158015953712e-9,1,1.3356267913877674e-7,-0.235140860080719,-1.2752039424412943e-7,0.9719613194465637],"ws":24,"jump":false,"delta":0.015390157699584961,"pos":[-423.954833984375,255.16342163085938,761.5065307617188]},{"cf":[-424.0489501953125,255.75637817382813,761.1178588867188,0.9719613194465637,-3.179538410336136e-8,0.235140860080719,7.403840207587109e-9,1,1.0461447885745656e-7,-0.235140860080719,-9.99402800516691e-8,0.9719613194465637],"ws":24,"jump":false,"delta":0.016744375228881837,"pos":[-424.0489501953125,255.75637817382813,761.1178588867188]},{"cf":[-424.14306640625,256.29486083984377,760.7291870117188,0.9719613194465637,-2.2696291068768916e-8,0.235140860080719,5.039547446017423e-9,1,7.569099835791349e-8,-0.235140860080719,-7.238371324547188e-8,0.9719613194465637],"ws":24,"jump":false,"delta":0.017253875732421876,"pos":[-424.14306640625,256.29486083984377,760.7291870117188]},{"cf":[-424.2371826171875,256.77880859375,760.3405151367188,0.9719613194465637,-1.3604974924419367e-8,0.235140860080719,2.677276178530974e-9,1,4.6792234087433829e-8,-0.235140860080719,-4.485070448367878e-8,0.9719613194465637],"ws":24,"jump":false,"delta":0.017136573791503907,"pos":[-424.2371826171875,256.77880859375,760.3405151367188]},{"cf":[-424.331298828125,257.208251953125,759.9518432617188,0.9719613194465637,-4.521427232617725e-9,0.235140860080719,3.170208540126396e-10,1,1.7918175387876546e-8,-0.235140860080719,-1.734122889729406e-8,0.9719613194465637],"ws":24,"jump":false,"delta":0.017060518264770509,"pos":[-424.331298828125,257.208251953125,759.9518432617188]},{"cf":[-424.4254150390625,257.58319091796877,759.5631713867188,0.9719613194465637,4.554354671171268e-9,0.235140860080719,-2.0412147527792969e-9,1,-1.0931205274289369e-8,-0.235140860080719,1.0144734829964364e-8,0.9719613194465637],"ws":24,"jump":false,"delta":0.015837907791137697,"pos":[-424.4254150390625,257.58319091796877,759.5631713867188]},{"cf":[-424.51953125,257.9036560058594,759.1744995117188,0.9719613194465637,1.362237789237497e-8,0.235140860080719,-4.397433084335489e-9,1,-3.975592477445389e-8,-0.235140860080719,3.760720446166488e-8,0.9719613194465637],"ws":24,"jump":false,"delta":0.016854524612426759,"pos":[-424.51953125,257.9036560058594,759.1744995117188]},{"cf":[-424.6136474609375,258.1695861816406,758.7858276367188,0.9719613194465637,2.268264687188548e-8,0.235140860080719,-6.751635694968172e-9,1,-6.85560053170775e-8,-0.235140860080719,6.504620131408956e-8,0.9719613194465637],"ws":24,"jump":false,"delta":0.016203880310058595,"pos":[-424.6136474609375,258.1695861816406,758.7858276367188]},{"cf":[-424.707763671875,258.38104248046877,758.3971557617188,0.9719613194465637,3.1735172711933049e-8,0.235140860080719,-9.103822584677346e-9,1,-9.733147976476175e-8,-0.235140860080719,9.246174670352048e-8,0.9719613194465637],"ws":24,"jump":false,"delta":0.017396211624145509,"pos":[-424.707763671875,258.38104248046877,758.3971557617188]},{"cf":[-424.8018798828125,258.5379943847656,758.0084838867188,0.9719613194465637,4.0779958965231347e-8,0.235140860080719,-1.1454000414801158e-8,1,-1.2608235522293399e-7,-0.235140860080719,1.1985386549895339e-7,0.9719613194465637],"ws":24,"jump":false,"delta":0.015311241149902344,"pos":[-424.8018798828125,258.5379943847656,758.0084838867188]},{"cf":[-424.89599609375,258.64044189453127,757.6198120117188,0.9719613194465637,4.9817010960850897e-8,0.235140860080719,-1.380216385626909e-8,1,-1.5480866011330364e-7,-0.235140860080719,1.4722256480581564e-7,0.9719613194465637],"ws":24,"jump":false,"delta":0.017175674438476564,"pos":[-424.89599609375,258.64044189453127,757.6198120117188]},{"cf":[-424.9901123046875,258.6883850097656,757.2311401367188,0.9719613194465637,4.75334829275198e-8,0.235140860080719,-1.30598998282494e-8,1,-1.4816551185958816e-7,-0.235140860080719,1.4094021594246443e-7,0.9719613194465637],"ws":24,"jump":false,"delta":0.017496824264526368,"pos":[-424.9901123046875,258.6883850097656,757.2311401367188]},{"cf":[-425.084228515625,258.6818542480469,756.8424682617188,0.9719613194465637,3.394388770061596e-8,0.235140860080719,-9.23117049467237e-9,1,-1.061982501937564e-7,-0.235140860080719,1.0104996306381509e-7,0.9719613194465637],"ws":24,"jump":false,"delta":0.016759634017944337,"pos":[-425.084228515625,258.6818542480469,756.8424682617188]},{"cf":[-425.1783447265625,258.62078857421877,756.4537963867188,0.9719613194465637,2.0365911623798639e-8,0.235140860080719,-5.405715874928774e-9,1,-6.426685672522581e-8,-0.235140860080719,6.119379492020016e-8,0.9719613194465637],"ws":24,"jump":false,"delta":0.015958786010742189,"pos":[-425.1783447265625,258.62078857421877,756.4537963867188]},{"cf":[-425.2724609375,258.5052490234375,756.0651245117188,0.9719613194465637,6.799541374391538e-9,0.235140860080719,-1.5835336375502607e-9,1,-2.23713048086438e-8,-0.235140860080719,2.137168841898074e-8,0.9719613194465637],"ws":24,"jump":false,"delta":0.017551422119140626,"pos":[-425.2724609375,258.5052490234375,756.0651245117188]},{"cf":[-425.3665771484375,258.335205078125,755.6764526367188,0.9719613194465637,-6.755228820765069e-9,0.235140860080719,2.2353781048423117e-9,1,1.94884357540559e-8,-0.235140860080719,-1.8416377756125258e-8,0.9719613194465637],"ws":24,"jump":false,"delta":0.015581130981445313,"pos":[-425.3665771484375,258.335205078125,755.6764526367188]},{"cf":[-425.460693359375,258.11065673828127,755.2877807617188,0.9719613194465637,-2.0298411840258269e-8,0.235140860080719,6.051024570297159e-9,1,6.131239871365324e-8,-0.235140860080719,-5.8170435579540938e-8,0.9719613194465637],"ws":24,"jump":false,"delta":0.016369342803955079,"pos":[-425.460693359375,258.11065673828127,755.2877807617188]},{"cf":[-425.5548095703125,257.83160400390627,754.8991088867188,0.9719613194465637,-3.3830019674496728e-8,0.235140860080719,9.863407868238028e-9,1,1.0310062492635552e-7,-0.235140860080719,-9.789052768383044e-8,0.9719613194465637],"ws":24,"jump":false,"delta":0.017269611358642579,"pos":[-425.5548095703125,257.83160400390627,754.8991088867188]},{"cf":[-425.64892578125,257.498046875,754.5104370117188,0.9719613194465637,-4.735005987299701e-8,0.235140860080719,1.3672527110486499e-8,1,1.4485314636658587e-7,-0.235140860080719,-1.375766771616327e-7,0.9719613194465637],"ws":24,"jump":false,"delta":0.01610112190246582,"pos":[-425.64892578125,257.498046875,754.5104370117188]},{"cf":[-425.7430419921875,257.1100158691406,754.1217651367188,0.9719613194465637,-4.3429022156260547e-8,0.235140860080719,1.2481327971158862e-8,1,1.3310172164437973e-7,-0.235140860080719,-1.2643485547414458e-7,0.9719613194465637],"ws":24,"jump":false,"delta":0.016989946365356447,"pos":[-425.7430419921875,257.1100158691406,754.1217651367188]},{"cf":[-425.837158203125,256.6674499511719,753.7330932617188,0.9719613194465637,-3.370397649860024e-8,0.235140860080719,9.626170971444026e-9,1,1.0354521151612062e-7,-0.235140860080719,-9.837842895876747e-8,0.9719613194465637],"ws":24,"jump":false,"delta":0.01721954345703125,"pos":[-425.837158203125,256.6674499511719,753.7330932617188]},{"cf":[-425.9312744140625,256.1704406738281,753.3444213867188,0.9719613194465637,-2.3987242414591493e-8,0.235140860080719,6.773457794650994e-9,1,7.401394697126307e-8,-0.235140860080719,-7.034597615529492e-8,0.9719613194465637],"ws":24,"jump":false,"delta":0.016157865524291993,"pos":[-425.9312744140625,256.1704406738281,753.3444213867188]},{"cf":[-426.025390625,255.618896484375,752.9557495117188,0.9719613194465637,-1.427881191062852e-8,0.235140860080719,3.92318266762004e-9,1,4.450791735166604e-8,-0.235140860080719,-4.233747219473116e-8,0.9719613194465637],"ws":24,"jump":false,"delta":0.01644611358642578,"pos":[-426.025390625,255.618896484375,752.9557495117188]},{"cf":[-426.1195068359375,255.01284790039063,752.5670776367188,0.9719613194465637,-4.5786783253731759e-9,0.235140860080719,1.075342925815903e-9,1,1.5027106670117975e-8,-0.235140860080719,-1.4352908195292003e-8,0.9719613194465637],"ws":24,"jump":false,"delta":0.016860485076904298,"pos":[-426.1195068359375,255.01284790039063,752.5670776367188]},{"cf":[-426.213623046875,254.352294921875,752.1784057617188,0.9734318256378174,5.769313027315093e-9,0.22897706925868989,-1.991854903238277e-9,1,-1.672821703380123e-8,-0.22897706925868989,1.5827689381353595e-8,0.9734318256378174],"ws":24,"jump":false,"delta":0.017030954360961915,"pos":[-426.213623046875,254.352294921875,752.1784057617188]},{"cf":[-426.30535888671877,253.63723754882813,751.7890625,0.9735206365585327,1.7144460073836855e-8,0.22859913110733033,-5.110355250081966e-9,1,-5.323477481056216e-8,-0.22859913110733033,5.065692931793819e-8,0.9735206365585327],"ws":24,"jump":false,"delta":0.01596999168395996,"pos":[-426.30535888671877,253.63723754882813,751.7890625]},{"cf":[-426.39666748046877,252.86769104003907,751.399658203125,0.9735725522041321,2.858009828798913e-8,0.22837799787521363,-8.241306304057617e-9,1,-9.001124823271312e-8,-0.22837799787521363,8.575035082003524e-8,0.9735725522041321],"ws":24,"jump":false,"delta":0.0171968936920166,"pos":[-426.39666748046877,252.86769104003907,751.399658203125]},{"cf":[-426.48797607421877,252.04364013671876,751.01025390625,0.9735782146453857,4.0017585689611226e-8,0.22835378348827363,-1.1371899866219337e-8,1,-1.267601135168661e-7,-0.22835378348827363,1.2081406453035016e-7,0.9735782146453857],"ws":24,"jump":false,"delta":0.017633676528930665,"pos":[-426.48797607421877,252.04364013671876,751.01025390625]},{"cf":[-426.57928466796877,251.29119873046876,750.620849609375,0.9735792279243469,2.7237105015842645e-8,0.22834959626197816,-7.67025287728984e-9,1,-8.657561778591116e-8,-0.22834959626197816,8.253671524016682e-8,0.9735792279243469],"ws":24,"jump":false,"delta":0.016795635223388673,"pos":[-426.57928466796877,251.29119873046876,750.620849609375]},{"cf":[-426.67059326171877,252.16685485839845,750.2314453125,0.9719609022140503,1.504378843719678e-8,0.23514260351657868,-4.2522638743491829e-9,1,-4.640058648419654e-8,-0.23514260351657868,4.4099667917407717e-8,0.9719609022140503],"ws":24,"jump":true,"delta":0.01595330238342285,"pos":[-426.67059326171877,252.16685485839845,750.2314453125]},{"cf":[-426.76422119140627,252.99142456054688,749.842529296875,0.9719609022140503,2.2856962988981879e-9,0.23514243960380555,-8.372005311230168e-10,1,-6.259907703309864e-9,-0.23514243960380555,5.887524245906661e-9,0.9719609022140503],"ws":24,"jump":false,"delta":0.016404390335083009,"pos":[-426.76422119140627,252.99142456054688,749.842529296875]},{"cf":[-426.8582458496094,253.76150512695313,749.453857421875,0.9719609618186951,-1.046148145888992e-8,0.23514236509799958,2.5749458121282488e-9,1,3.384645097526118e-8,-0.23514236509799958,-3.22919468942473e-8,0.9719609618186951],"ws":24,"jump":false,"delta":0.016297101974487306,"pos":[-426.8582458496094,253.76150512695313,749.453857421875]},{"cf":[-426.9523620605469,254.47708129882813,749.065185546875,0.9719609618186951,-2.3197763709958964e-8,0.23514233529567719,5.984181594698157e-9,1,7.391851397642313e-8,-0.23514233529567719,-7.043877303658519e-8,0.9719609618186951],"ws":24,"jump":false,"delta":0.017518281936645509,"pos":[-426.9523620605469,254.47708129882813,749.065185546875]},{"cf":[-427.0464782714844,255.13815307617188,748.676513671875,0.9719609618186951,-3.592316488720826e-8,0.23514235019683839,9.390510591344992e-9,1,1.139563181595804e-7,-0.23514235019683839,-1.0855298171463801e-7,0.9719609618186951],"ws":24,"jump":false,"delta":0.015637636184692384,"pos":[-427.0464782714844,255.13815307617188,748.676513671875]},{"cf":[-427.1405944824219,255.74473571777345,748.287841796875,0.9719609618186951,-4.8637691207886749e-8,0.23514235019683839,1.2793933024113358e-8,1,1.5395987418287405e-7,-0.23514235019683839,-1.4663459069197416e-7,0.9719609618186951],"ws":24,"jump":false,"delta":0.016615867614746095,"pos":[-427.1405944824219,255.74473571777345,748.287841796875]},{"cf":[-427.2347106933594,256.29681396484377,747.899169921875,0.9719609618186951,-3.9164362419796819e-8,0.23514235019683839,1.0336353994944148e-8,1,1.2383064529331023e-7,-0.23514235019683839,-1.1792803178423128e-7,0.9719609618186951],"ws":24,"jump":false,"delta":0.017526626586914064,"pos":[-427.2347106933594,256.29681396484377,747.899169921875]},{"cf":[-427.3288269042969,256.7944030761719,747.510498046875,0.9719609618186951,-2.9699128489824035e-8,0.23514235019683839,7.880874619559109e-9,1,9.3727159367063e-8,-0.23514235019683839,-8.924601502258156e-8,0.9719609618186951],"ws":24,"jump":false,"delta":0.016478776931762697,"pos":[-427.3288269042969,256.7944030761719,747.510498046875]},{"cf":[-427.4229431152344,257.2374572753906,747.121826171875,0.9719609618186951,-2.024198231254104e-8,0.23514235019683839,5.427489568887722e-9,1,6.364941640413235e-8,-0.23514235019683839,-6.058851909074292e-8,0.9719609618186951],"ws":24,"jump":false,"delta":0.01585555076599121,"pos":[-427.4229431152344,257.2374572753906,747.121826171875]},{"cf":[-427.5170593261719,257.62603759765627,746.733154296875,0.9719609618186951,-1.0792917670698899e-8,0.23514235019683839,2.97619617839473e-9,1,3.3597395088236229e-8,-0.23514235019683839,-3.195552622514697e-8,0.9719609618186951],"ws":24,"jump":false,"delta":0.018149375915527345,"pos":[-427.5170593261719,257.62603759765627,746.733154296875]},{"cf":[-427.6111755371094,257.9601135253906,746.344482421875,0.9719609618186951,-1.3519273478479477e-9,0.23514235019683839,5.269936709240142e-10,1,3.571071216512678e-9,-0.23514235019683839,-3.347023103117408e-9,0.9719609618186951],"ws":24,"jump":false,"delta":0.015494346618652344,"pos":[-427.6111755371094,257.9601135253906,746.344482421875]},{"cf":[-427.7052917480469,258.23968505859377,745.955810546875,0.9719609618186951,8.080994540193842e-9,0.23514235019683839,-1.9201178425021227e-9,1,-2.6429583854792328e-8,-0.23514235019683839,2.523702136159045e-8,0.9719609618186951],"ws":24,"jump":false,"delta":0.01686716079711914,"pos":[-427.7052917480469,258.23968505859377,745.955810546875]},{"cf":[-427.7994079589844,258.4647521972656,745.567138671875,0.9719609618186951,1.7505854543742317e-8,0.23514235019683839,-4.365140249262822e-9,1,-5.6404591219916259e-8,-0.23514235019683839,5.37966293734371e-8,0.9719609618186951],"ws":24,"jump":false,"delta":0.016744375228881837,"pos":[-427.7994079589844,258.4647521972656,745.567138671875]},{"cf":[-427.8935241699219,258.6353454589844,745.178466796875,0.9719609618186951,2.692265965720253e-8,0.23514235019683839,-6.8080754367372268e-9,1,-8.635397108491816e-8,-0.23514235019683839,8.233182313688303e-8,0.9719609618186951],"ws":24,"jump":false,"delta":0.015883207321166993,"pos":[-427.8935241699219,258.6353454589844,745.178466796875]},{"cf":[-427.9876403808594,258.75140380859377,744.789794921875,0.9734323024749756,3.631281586535806e-8,0.2289750874042511,-9.409622414580099e-9,1,-1.1858576698386969e-7,-0.2289750874042511,1.1328064886129141e-7,0.9734323024749756],"ws":24,"jump":false,"delta":0.01674032211303711,"pos":[-427.9876403808594,258.75140380859377,744.789794921875]},{"cf":[-428.0793762207031,258.81298828125,744.4004516601563,0.97495037317276,4.243768358946909e-8,0.22242259979248048,-1.098845459068798e-8,1,-1.4263157765981306e-7,-0.22242259979248048,1.3661463071912295e-7,0.97495037317276],"ws":24,"jump":false,"delta":0.01805424690246582,"pos":[-428.0793762207031,258.81298828125,744.4004516601563]},{"cf":[-428.1683654785156,258.820068359375,744.0104370117188,0.9750865697860718,3.5363630246365577e-8,0.22182467579841615,-8.739555745762573e-9,1,-1.2100460367037159e-7,-0.22182467579841615,1.1605131788883227e-7,0.9750865697860718],"ws":24,"jump":false,"delta":0.015198707580566407,"pos":[-428.1683654785156,258.820068359375,744.0104370117188]},{"cf":[-428.2569885253906,258.77264404296877,743.6203002929688,0.975142240524292,2.8471987434386393e-8,0.2215798944234848,-6.527157925262372e-9,1,-9.977024717500172e-8,-0.2215798944234848,9.584388749317441e-8,0.975142240524292],"ws":24,"jump":false,"delta":0.01779794692993164,"pos":[-428.2569885253906,258.77264404296877,743.6203002929688]},{"cf":[-428.34564208984377,258.67071533203127,743.2301635742188,0.9791852831840515,2.40629223213773e-8,0.20296846330165864,-3.929796488222337e-9,1,-9.959637736756122e-8,-0.20296846330165864,9.672567813368005e-8,0.9791852831840515],"ws":24,"jump":false,"delta":0.016426801681518556,"pos":[-428.34564208984377,258.67071533203127,743.2301635742188]},{"cf":[-428.4272766113281,258.5142822265625,742.8385620117188,0.9806811213493347,2.8230079607283188e-8,0.19561326503753663,-2.113535568781799e-9,1,-1.3371983698107216e-7,-0.19561326503753663,1.307230945712945e-7,0.9806811213493347],"ws":24,"jump":false,"delta":0.015667438507080079,"pos":[-428.4272766113281,258.5142822265625,742.8385620117188]},{"cf":[-428.5054016113281,258.3033752441406,742.4462890625,0.9808886647224426,2.5012592885786945e-8,0.19457000494003297,-3.363346545715018e-10,1,-1.2685761419106712e-7,-0.19457000494003297,1.24367758758126e-7,0.9808886647224426],"ws":24,"jump":false,"delta":0.016995668411254884,"pos":[-428.5054016113281,258.3033752441406,742.4462890625]},{"cf":[-428.5830993652344,258.0379333496094,742.053955078125,0.9809475541114807,2.205181459657979e-8,0.19427263736724854,1.39428968370936e-9,1,-1.2054987053033984e-7,-0.19427263736724854,1.1852397108214063e-7,0.9809475541114807],"ws":24,"jump":false,"delta":0.0173642635345459,"pos":[-428.5830993652344,258.0379333496094,742.053955078125]},{"cf":[-428.6607360839844,257.718017578125,741.66162109375,0.9809544086456299,1.913301872491502e-8,0.19423824548721314,3.119057234712841e-9,1,-1.1425489532257416e-7,-0.19423824548721314,1.1268468114167263e-7,0.9809544086456299],"ws":24,"jump":false,"delta":0.0166780948638916,"pos":[-428.6607360839844,257.718017578125,741.66162109375]},{"cf":[-428.7383728027344,257.3435974121094,741.269287109375,0.980955183506012,1.622091438946427e-8,0.19423428177833558,4.841880230088691e-9,1,-1.079653983993012e-7,-0.19423428177833558,1.0684967577390126e-7,0.980955183506012],"ws":24,"jump":false,"delta":0.01630377769470215,"pos":[-428.7383728027344,257.3435974121094,741.269287109375]},{"cf":[-428.8160095214844,256.9146728515625,740.876953125,0.9809552431106567,1.3311759694545345e-8,0.19423381984233857,6.56318066560857e-9,1,-1.0168128738996529e-7,-0.19423381984233857,1.0101958736186134e-7,0.9809552431106567],"ws":24,"jump":false,"delta":0.016937732696533204,"pos":[-428.8160095214844,256.9146728515625,