[{"cf":[-953.8331298828125,172.28953552246095,877.9364624023438,0.09133649617433548,-2.6981116008073515e-8,-0.9958201050758362,-5.101514233274429e-8,1,-3.1773470965390518e-8,0.9958201050758362,5.370398170612134e-8,0.09133649617433548],"delta":0.01592278480529785,"ws":16,"jump":false},{"cf":[-953.8331298828125,172.28953552246095,877.9364624023438,0.09133649617433548,-4.357627503281947e-8,-0.9958201050758362,-8.237014981204993e-8,1,-5.131416713766157e-8,0.9958201050758362,8.671270279592136e-8,0.09133649617433548],"delta":0.01747751235961914,"ws":16,"jump":false},{"cf":[-953.8331298828125,172.28953552246095,877.9364624023438,0.09133649617433548,-4.4097298257383957e-8,-0.9958201050758362,-8.334560419598347e-8,1,-5.192684326971175e-8,0.9958201050758362,8.77400410104201e-8,0.09133649617433548],"delta":0.016010761260986329,"ws":16,"jump":false},{"cf":[-953.8331298828125,172.28953552246095,877.9364624023438,0.09133649617433548,-2.8564768328465108e-8,-0.9958201050758362,-5.398041835746881e-8,1,-3.363574663239888e-8,0.9958201050758362,5.6826955585620456e-8,0.09133649617433548],"delta":0.015954256057739259,"ws":16,"jump":false},{"cf":[-953.8331298828125,172.28953552246095,877.9364624023438,0.09133649617433548,-1.304550156788764e-8,-0.9958201050758362,-2.464030401938544e-8,1,-1.536026417170433e-8,0.9958201050758362,2.5940263270740617e-8,0.09133649617433548],"delta":0.018096208572387697,"ws":16,"jump":false},{"cf":[-953.7334594726563,172.28985595703126,877.9273071289063,0.09133649617433548,2.460512016355665e-9,-0.9958201050758362,4.6747601345487059e-9,1,2.8996083312193834e-9,0.9958201050758362,-4.920059915036745e-9,0.09133649617433548],"delta":0.01627039909362793,"ws":16,"jump":false},{"cf":[-953.5599365234375,172.29153442382813,877.911376953125,0.09133649617433548,1.4081330768078715e-8,-0.9958201050758362,2.66446331664838e-8,1,1.6584278839104628e-8,0.9958201050758362,-2.804801013667202e-8,0.09133649617433548],"delta":0.016576290130615236,"ws":16,"jump":false},{"cf":[-953.296142578125,172.29710388183595,877.88720703125,0.09133649617433548,2.9564175108021119e-8,-0.9958201050758362,5.591591190068357e-8,1,3.4816871163911858e-8,0.9958201050758362,-5.886223775064536e-8,0.09133649617433548],"delta":0.016723155975341798,"ws":16,"jump":false},{"cf":[-953.031005859375,172.305908203125,877.86279296875,0.09133649617433548,4.5033797135829448e-8,-0.9958201050758362,8.516220617593717e-8,1,5.303389016830806e-8,0.9958201050758362,-8.965016462525455e-8,0.09133649617433548],"delta":0.016346454620361329,"ws":16,"jump":false},{"cf":[-952.765869140625,172.31668090820313,877.83837890625,0.09133649617433548,4.444699186478829e-8,-0.9958201050758362,8.404722251498242e-8,1,5.2342354450729547e-8,0.9958201050758362,-8.847668198086467e-8,0.09133649617433548],"delta":0.01765584945678711,"ws":16,"jump":false},{"cf":[-952.50048828125,172.3282470703125,877.81396484375,0.09133649617433548,2.7824320625313704e-8,-0.9958201050758362,5.260984536903379e-8,1,3.276647930761101e-8,0.9958201050758362,-5.538271707905551e-8,0.09133649617433548],"delta":0.015404224395751953,"ws":16,"jump":false},{"cf":[-952.235107421875,172.33956909179688,877.78955078125,0.09133649617433548,1.1215850470591704e-8,-0.9958201050758362,2.1199314303999018e-8,1,1.3207326787778584e-8,0.9958201050758362,-2.231701401456121e-8,0.09133649617433548],"delta":0.017192602157592775,"ws":16,"jump":false},{"cf":[-951.9697265625,172.34982299804688,877.76513671875,0.09133649617433548,-5.378432366143215e-9,-0.9958201050758362,-1.0184390220047135e-8,1,-6.33511909597928e-9,0.9958201050758362,1.0720448528900306e-8,0.09133649617433548],"delta":0.015839338302612306,"ws":16,"jump":false},{"cf":[-951.6380004882813,172.36068725585938,877.734619140625,0.10314758121967316,-2.5973756478947508e-8,-0.9946660399436951,-4.9083983100217668e-8,1,-3.1203086336972777e-8,0.9946660399436951,5.204069708497627e-8,0.10314758121967316],"delta":0.017751216888427736,"ws":16,"jump":false},{"cf":[-951.4390869140625,172.36614990234376,877.7144165039063,0.10314758121967316,-3.839688744733394e-8,-0.9946660399436951,-7.240381449946654e-8,1,-4.611111847907523e-8,0.9946660399436951,7.677386548721188e-8,0.10314758121967316],"delta":0.01572704315185547,"ws":16,"jump":false},{"cf":[-951.0797119140625,172.37196350097657,877.67724609375,0.11494354903697968,-4.624694582844313e-8,-0.9933720231056213,-8.841489318456297e-8,1,-5.678604253489539e-8,0.9933720231056213,9.435606784791162e-8,0.11494354903697968],"delta":0.016989707946777345,"ws":24.959999084472658,"jump":false},{"cf":[-950.66796875,172.37599182128907,877.6303100585938,0.12672486901283265,-3.0526187799750917e-8,-0.9919378757476807,-6.018406395469356e-8,1,-3.846309937216574e-8,0.9919378757476807,6.45730864334837e-8,0.12672486901283265],"delta":0.01623845100402832,"ws":24.959999084472658,"jump":false},{"cf":[-950.2553100585938,172.37832641601563,877.5783081054688,0.1384844332933426,-1.5172728851098328e-8,-0.9903646111488342,-3.219653521568944e-8,1,-1.9822445906925169e-8,0.9903646111488342,3.463140885173743e-8,0.1384844332933426],"delta":0.016392946243286134,"ws":24.959999084472658,"jump":false},{"cf":[-949.7401123046875,172.37985229492188,877.5070190429688,0.15023206174373628,3.4534641812911106e-9,-0.9886507391929627,2.4754174265950725e-9,1,3.869264464384514e-9,0.9886507391929627,-3.028610917610308e-9,0.15023206174373628],"delta":0.01767730712890625,"ws":24.959999084472658,"jump":false},{"cf":[-949.3286743164063,172.38046264648438,877.4452514648438,0.16195040941238404,1.7974469912473979e-8,-0.986798882484436,2.995971826180721e-8,1,2.3131825344080427e-8,0.986798882484436,-3.3310428193544797e-8,0.16195040941238404],"delta":0.016458511352539064,"ws":24.959999084472658,"jump":false},{"cf":[-948.91796875,172.38079833984376,877.3786010742188,0.1736564040184021,3.212241495020862e-8,-0.9848062992095947,5.7190074898016977e-8,1,4.270264852834771e-8,0.9848062992095947,-6.373673500092991e-8,0.1736564040184021],"delta":0.016721725463867189,"ws":24.959999084472658,"jump":false},{"cf":[-948.610595703125,172.38095092773438,877.3251342773438,0.1969761997461319,4.15013516885665e-8,-0.980408251285553,7.724379003093418e-8,1,5.784992040958059e-8,0.980408251285553,-8.712551391454326e-8,0.1969761997461319],"delta":0.016231536865234376,"ws":24.959999084472658,"jump":false},{"cf":[-948.1004638671875,172.38107299804688,877.2242431640625,0.19697853922843934,4.3894555545875849e-8,-0.9804077744483948,8.142988860981859e-8,1,6.113221218129184e-8,0.9804077744483948,-9.187623106754472e-8,0.19697853922843934],"delta":0.018584728240966798,"ws":24.959999084472658,"jump":false},{"cf":[-947.7944946289063,172.38111877441407,877.1627197265625,0.22018928825855256,2.8958659470390559e-8,-0.9754571914672852,5.808895053860397e-8,1,4.279964826992e-8,0.9754571914672852,-6.608730274137997e-8,0.22018928825855256],"delta":0.014153480529785157,"ws":24.959999084472658,"jump":false},{"cf":[-947.388427734375,172.3811492919922,877.0725708007813,0.23175404965877534,1.1193808546750006e-8,-0.9727743864059448,2.7283094894414718e-8,1,1.8007028756983347e-8,0.9727743864059448,-3.0713497523038316e-8,0.23175404965877534],"delta":0.017105817794799806,"ws":24.959999084472658,"jump":false},{"cf":[-946.9835815429688,172.3811492919922,876.9769287109375,0.24328546226024629,-6.135320695932478e-9,-0.9699547290802002,-3.2002123173668908e-9,1,-7.128050150129184e-9,0.9699547290802002,4.8382120532153298e-9,0.24328546226024629],"delta":0.017383098602294923,"ws":24.959999084472658,"jump":false},{"cf":[-946.47900390625,172.3811492919922,876.8511962890625,0.2547760307788849,-2.726178749412611e-8,-0.9670000672340393,-4.0892658148550257e-8,1,-3.8966135207374467e-8,0.9670000672340393,4.947084164541593e-8,0.2547760307788849],"delta":0.016626596450805665,"ws":24.959999084472658,"jump":false},{"cf":[-946.1771240234375,172.3811492919922,876.7723999023438,0.26623186469078066,-3.937260117936603e-8,-0.9639090299606323,-6.326074952767158e-8,1,-5.831943283851615e-8,0.9639090299606323,7.650409372672584e-8,0.26623186469078066],"delta":0.016467809677124025,"ws":24.959999084472658,"jump":false},{"cf":[-945.77587890625,172.3811492919922,876.662353515625,0.27765777707099917,-4.74029171471102e-8,-0.9606800675392151,-7.930595558036657e-8,1,-7.226426390616325e-8,0.9606800675392151,9.625238561739025e-8,0.27765777707099917],"delta":0.01672530174255371,"ws":24.959999084472658,"jump":false},{"cf":[-945.3760375976563,172.3811492919922,876.5475463867188,0.30037203431129458,-3.011339089198373e-8,-0.953822135925293,-5.555329352091576e-8,1,-4.906580386432324e-8,0.953822135925293,6.772595639858992e-8,0.30037203431129458],"delta":0.015958786010742189,"ws":24.959999084472658,"jump":false},{"cf":[-944.9763793945313,173.25680541992188,876.4320678710938,0.31167930364608767,-1.4327126152124947e-8,-0.9501873850822449,-3.209786925140179e-8,1,-2.5606915698972445e-8,0.9501873850822449,3.848013463425559e-8,0.31167930364608767],"delta":0.01755046844482422,"ws":24.959999084472658,"jump":true},{"cf":[-944.4816284179688,174.2790069580078,876.2720947265625,0.31167903542518618,4.379597573489491e-9,-0.9501874446868897,-2.8067370649864644e-9,1,3.688531702294995e-9,0.9501874446868897,1.5172882950054146e-9,0.31167903542518618],"delta":0.017055273056030275,"ws":24.959999084472658,"jump":false},{"cf":[-944.1851806640625,174.85145568847657,876.1748657226563,0.31167909502983096,1.559404516626728e-8,-0.9501874446868897,1.4752937538276001e-8,1,2.125078424342064e-8,0.9501874446868897,-2.0641481413008479e-8,0.31167909502983096],"delta":0.016088247299194337,"ws":24.959999084472658,"jump":false},{"cf":[-943.6911010742188,175.73741149902345,876.0128173828125,0.3116789758205414,3.426882599910641e-8,-0.9501874446868897,4.3994081266873766e-8,1,5.049620099839558e-8,0.9501874446868897,-5.7541228670743297e-8,0.3116789758205414],"delta":0.01736593246459961,"ws":24.959999084472658,"jump":false},{"cf":[-943.3946533203125,176.2281036376953,875.9155883789063,0.31167903542518618,4.546411602746048e-8,-0.9501874446868897,6.152378517754187e-8,1,6.802846286291242e-8,0.9501874446868897,-7.966217197008518e-8,0.31167903542518618],"delta":0.015688180923461915,"ws":24.959999084472658,"jump":false},{"cf":[-942.9993896484375,176.83468627929688,875.7859497070313,0.31167903542518618,6.038001743036148e-8,-0.9501874446868897,8.48792680585575e-8,1,9.138733503277763e-8,0.9501874446868897,-1.0913473147411423e-7,0.31167903542518618],"delta":0.016043663024902345,"ws":24.959999084472658,"jump":false},{"cf":[-942.6041259765625,177.3867645263672,875.6563110351563,0.3014143705368042,7.872495899619025e-8,-0.9534932374954224,1.0930222771321496e-7,1,1.1711694725136113e-7,0.9534932374954224,-1.395196704834234e-7,0.3014143705368042],"delta":0.017750978469848634,"ws":24.959999084472658,"jump":false},{"cf":[-942.2075805664063,177.88433837890626,875.5306396484375,0.2904904782772064,6.977413846698255e-8,-0.9568778872489929,8.886991764711638e-8,1,9.989780380692537e-8,0.9568778872489929,-1.1405702338151969e-7,0.2904904782772064],"delta":0.016927003860473634,"ws":24.959999084472658,"jump":false},{"cf":[-941.8095703125,178.32742309570313,875.40966796875,0.2895064651966095,6.568595267708588e-8,-0.9571760296821594,7.136547708341823e-8,1,9.020986624364014e-8,0.9571760296821594,-9.442566550887932e-8,0.2895064651966095],"delta":0.016365766525268556,"ws":24.959999084472658,"jump":false},{"cf":[-941.411376953125,178.71600341796876,875.289306640625,0.2787613570690155,6.540783914488202e-8,-0.9603604078292847,5.4919290448651739e-8,1,8.404887807955675e-8,0.9603604078292847,-7.617188657604857e-8,0.2787613570690155],"delta":0.016667842864990236,"ws":24.959999084472658,"jump":false},{"cf":[-941.0119018554688,179.05007934570313,875.1731567382813,0.2780802547931671,6.879257341552148e-8,-0.9605578184127808,4.057303826243697e-8,1,8.33631617069841e-8,0.9605578184127808,-6.215439896095632e-8,0.2780802547931671],"delta":0.01648235321044922,"ws":24.959999084472658,"jump":false},{"cf":[-940.6122436523438,179.32965087890626,875.0576782226563,0.2777072489261627,7.240771537908586e-8,-0.960665762424469,2.6396499208658498e-8,1,8.300307996478296e-8,0.960665762424469,-4.840876854927956e-8,0.2777072489261627],"delta":0.016829729080200197,"ws":24.959999084472658,"jump":false},{"cf":[-940.2125854492188,179.5547332763672,874.9421997070313,0.2776641547679901,7.599881968189948e-8,-0.960678219795227,1.2237404867221358e-8,1,8.264652251455118e-8,0.960678219795227,-3.470418619144766e-8,0.2776641547679901],"delta":0.016246557235717775,"ws":24.959999084472658,"jump":false},{"cf":[-939.8129272460938,179.72531127929688,874.8267211914063,0.277659147977829,7.958466596846847e-8,-0.9606796503067017,-1.909148839018826e-9,1,8.229025638684107e-8,0.9606796503067017,-2.1014562534560356e-8,0.277659147977829],"delta":0.017316102981567384,"ws":24.959999084472658,"jump":false},{"cf":[-939.4132690429688,179.8413848876953,874.7112426757813,0.2776585817337036,8.31672721801624e-8,-0.960679829120636,-1.6043571804402746e-8,1,8.193431000336204e-8,0.960679829120636,-7.337027430054377e-9,0.2776585817337036],"delta":0.016612768173217775,"ws":24.959999084472658,"jump":false},{"cf":[-939.0136108398438,179.9029541015625,874.5957641601563,0.2776584327220917,8.674680884723785e-8,-0.9606798887252808,-3.016591776372479e-8,1,8.15786691532594e-8,0.9606798887252808,6.328783275222349e-9,0.2776584327220917],"delta":0.017000436782836915,"ws":24.959999084472658,"jump":false},{"cf":[-938.6139526367188,179.9100341796875,874.4802856445313,0.27765849232673647,9.032329018054952e-8,-0.960679829120636,-4.427619870739363e-8,1,8.122334094196049e-8,0.960679829120636,1.9982902443871354e-8,0.27765849232673647],"delta":0.016416072845458986,"ws":24.959999084472658,"jump":false},{"cf":[-938.2142944335938,179.86260986328126,874.3648071289063,0.27765849232673647,9.389671618009743e-8,-0.960679829120636,-5.837442884626398e-8,1,8.086831826403795e-8,0.960679829120636,3.362536560302942e-8,0.27765849232673647],"delta":0.01583552360534668,"ws":24.959999084472658,"jump":false},{"cf":[-937.8146362304688,179.76068115234376,874.2493286132813,0.27765849232673647,9.746710816216364e-8,-0.960679829120636,-7.24606152857632e-8,1,8.051360822491915e-8,0.960679829120636,4.725616875589367e-8,0.27765849232673647],"delta":0.01647329330444336,"ws":24.959999084472658,"jump":false},{"cf":[-937.3150634765625,179.556640625,874.10498046875,0.2776584029197693,1.0192579935619506e-7,-0.9606798887252808,-9.005142231899299e-8,1,8.007065588344631e-8,0.9606798887252808,6.427829646327155e-8,0.2776584029197693],"delta":0.01793956756591797,"ws":24.959999084472658,"jump":false},{"cf":[-936.9154052734375,179.33209228515626,873.989501953125,0.2776584327220917,1.0548933460086119e-7,-0.9606798887252808,-1.0411053352754607e-7,1,7.971664217620855e-8,0.9606798887252808,7.788290190546832e-8,0.2776584327220917],"delta":0.016649723052978517,"ws":24.959999084472658,"jump":false},{"cf":[-936.5157470703125,179.05303955078126,873.8740234375,0.27765849232673647,1.0904984293347298e-7,-0.960679829120636,-1.1815765077471952e-7,1,7.936292689691982e-8,0.960679829120636,9.147588286850805e-8,0.27765849232673647],"delta":0.015831470489501954,"ws":24.959999084472658,"jump":false},{"cf":[-936.1160888671875,178.71949768066407,873.758544921875,0.27765849232673647,1.1260731014317571e-7,-0.960679829120636,-1.3219276695508598e-7,1,7.900953136186217e-8,0.960679829120636,1.0505726066867283e-7,0.27765849232673647],"delta":0.016765356063842775,"ws":24.959999084472658,"jump":false},{"cf":[-935.7164306640625,178.33145141601563,873.64306640625,0.27765849232673647,1.1616174333539675e-7,-0.960679829120636,-1.4621589627950017e-7,1,7.86564413601809e-8,0.960679829120636,1.1862704241139e-7,0.27765849232673647],"delta":0.01730799674987793,"ws":24.959999084472658,"jump":false},{"cf":[-935.3167724609375,177.88890075683595,873.527587890625,0.27765849232673647,1.1971314961556346e-7,-0.960679829120636,-1.602270316425347e-7,1,7.830365689187602e-8,0.960679829120636,1.3218520678037749e-7,0.27765849232673647],"delta":0.016547203063964845,"ws":24.959999084472658,"jump":false},{"cf":[-934.9171142578125,177.39186096191407,873.412109375,0.27765849232673647,1.1226912732809069e-7,-0.960679829120636,-1.5794800845014834e-7,1,7.121365541706837e-8,0.960679829120636,1.3196439851981268e-7,0.27765849232673647],"delta":0.01638007164001465,"ws":24.959999084472658,"jump":false},{"cf":[-934.6173706054688,176.98330688476563,873.3255004882813,0.2776585817337036,8.196537493176948e-8,-0.960679829120636,-1.1962582391333854e-7,1,5.074556241879691e-8,0.960679829120636,1.008321675044499e-7,0.2776585817337036],"delta":0.015936851501464845,"ws":24.959999084472658,"jump":false},{"cf":[-934.1177978515625,176.23426818847657,873.18115234375,0.27765828371047976,3.150217864344995e-8,-0.9606798887252808,-5.5810069454764746e-8,1,1.6661170221254907e-8,0.9606798887252808,4.8989502232643647e-8,0.27765828371047976],"delta":0.018697738647460939,"ws":24.959999084472658,"jump":false},{"cf":[-933.7181396484375,175.57371520996095,873.065673828125,0.27765849232673647,-8.829563746814984e-9,-0.960679829120636,-4.806542275304082e-9,1,-1.0580153642081314e-8,0.960679829120636,7.55521778472712e-9,0.27765849232673647],"delta":0.015468358993530274,"ws":24.959999084472658,"jump":false},{"cf":[-933.4183959960938,175.0425262451172,872.9790649414063,0.2776585817337036,-3.90557701734906e-8,-0.960679829120636,3.3417499878396487e-8,1,-3.0995877864370416e-8,0.960679829120636,-2.349724503858397e-8,0.2776585817337036],"delta":0.015821218490600587,"ws":24.959999084472658,"jump":false},{"cf":[-933.0187377929688,174.28660583496095,872.8635864257813,0.24645882844924928,-5.8283312398543788e-8,-0.9691532850265503,9.191237637651284e-8,1,-3.676477078329299e-8,0.9691532850265503,-8.001617146646822e-8,0.24645882844924928],"delta":0.01719212532043457,"ws":24.959999084472658,"jump":false},{"cf":[-932.6157836914063,173.47618103027345,872.76025390625,0.24454401433467866,-1.872978927508484e-8,-0.9696381688117981,1.1277987965740977e-7,1,9.126965849759472e-9,0.9696381688117981,-1.115876244739411e-7,0.24454401433467866],"delta":0.0170896053314209,"ws":24.959999084472658,"jump":false},{"cf":[-932.2122192382813,172.6112518310547,872.658935546875,0.2663765251636505,2.2189993842403056e-8,-0.963869035243988,1.0020115581710343e-7,1,5.071355957397827e-8,0.963869035243988,-1.1008970091097581e-7,0.2663765251636505],"delta":0.016261816024780275,"ws":24.959999084472658,"jump":false},{"cf":[-931.8108520507813,172.21826171875,872.549560546875,0.26624855399131777,5.24385725952925e-8,-0.9639043807983398,4.250182783493983e-8,1,6.614205716459765e-8,0.9639043807983398,-5.8577928285785677e-8,0.26624855399131777],"delta":0.016536474227905275,"ws":24.959999084472658,"jump":false},{"cf":[-931.4097290039063,173.08370971679688,872.43896484375,0.26623815298080447,8.264637330057667e-8,-0.9639073014259338,-1.5147348264576978e-8,1,8.155718944635737e-8,0.9639073014259338,-7.112997746361316e-9,0.26623815298080447],"delta":0.017374038696289064,"ws":24.959999084472658,"jump":true},{"cf":[-931.0087890625,173.8946533203125,872.3281860351563,0.2662341594696045,1.128275357586972e-7,-0.9639083743095398,-7.274691427028302e-8,1,9.69592335309244e-8,0.9639083743095398,4.4307498114903868e-8,0.2662341594696045],"delta":0.01586294174194336,"ws":24.959999084472658,"jump":false},{"cf":[-930.60791015625,174.65110778808595,872.2173461914063,0.2662324905395508,1.1449647985273259e-7,-0.963908851146698,-1.0068296063536764e-7,1,9.097478681496796e-8,0.963908851146698,7.28287474771605e-8,0.2662324905395508],"delta":0.016574621200561525,"ws":24.959999084472658,"jump":false},{"cf":[-930.20703125,175.35305786132813,872.1065063476563,0.26623237133026125,8.768992643126694e-8,-0.963908851146698,-9.899362396481593e-8,1,6.363113413954125e-8,0.963908851146698,7.848016281286618e-8,0.26623237133026125],"delta":0.0177919864654541,"ws":24.959999084472658,"jump":false},{"cf":[-929.80615234375,176.00050354003907,871.9956665039063,0.26623234152793887,6.09062809076022e-8,-0.9639089107513428,-9.730572259059045e-8,1,3.6310847661980009e-8,0.9639089107513428,8.412672514168662e-8,0.26623234152793887],"delta":0.01525735855102539,"ws":24.959999084472658,"jump":false},{"cf":[-929.4052734375,176.5934600830078,871.8848266601563,0.26623231172561648,3.414550064917421e-8,-0.9639089107513428,-9.56192423018365e-8,1,9.013892743325869e-9,0.9639089107513428,8.976844867447653e-8,0.26623231172561648],"delta":0.017571210861206056,"ws":24.959999084472658,"jump":false},{"cf":[-929.00439453125,177.1319122314453,871.7739868164063,0.26623234152793887,7.407589652785873e-9,-0.9639089107513428,-9.393419020398142e-8,1,-1.82597457154543e-8,0.9639089107513428,9.540533341123592e-8,0.26623234152793887],"delta":0.016443252563476564,"ws":24.959999084472658,"jump":false},{"cf":[-928.603515625,177.61585998535157,871.6631469726563,0.26623231172561648,-1.9307503151821949e-8,-0.9639089107513428,-9.225055919159786e-8,1,-4.5510091695177837e-8,0.9639089107513428,1.0103739356281949e-7,0.26623231172561648],"delta":0.0162045955657959,"ws":24.959999084472658,"jump":false},{"cf":[-928.20263671875,178.04531860351563,871.5523071289063,0.26623234152793887,-4.5999772879667947e-8,-0.9639089107513428,-9.056836347554054e-8,1,-7.273716562394839e-8,0.9639089107513428,1.0666463623465461e-7,0.26623234152793887],"delta":0.01709437370300293,"ws":24.959999084472658,"jump":false},{"cf":[-927.7015380859375,178.5054931640625,871.4137573242188,0.27624979615211489,-7.410572067101384e-8,-0.961085855960846,-8.652324368085829e-8,1,-1.0197605604389537e-7,0.961085855960846,1.113271324015841e-7,0.27624979615211489],"delta":0.017098188400268556,"ws":24.959999084472658,"jump":false},{"cf":[-927.3016967773438,178.81231689453126,871.2989501953125,0.2875613868236542,-8.554879116218217e-8,-0.9577621817588806,-7.86172620337311e-8,1,-1.1292581092448018e-7,0.9577621817588806,1.0776974335158229e-7,0.2875613868236542],"delta":0.016571521759033204,"ws":24.959999084472658,"jump":false},{"cf":[-926.9032592773438,179.0646514892578,871.179443359375,0.30914047360420229,-7.587931349917199e-8,-0.951016366481781,-6.206504821193448e-8,1,-9.996266214784555e-8,0.951016366481781,8.992738287361135e-8,0.30914047360420229],"delta":0.015839815139770509,"ws":24.959999084472658,"jump":false},{"cf":[-926.5075073242188,179.26248168945313,871.0512084960938,0.3210212290287018,-3.940200343777178e-8,-0.9470720291137695,-3.339976828442559e-8,1,-5.292526594757874e-8,0.9470720291137695,4.8622119663832566e-8,0.3210212290287018],"delta":0.017287731170654298,"ws":24.959999084472658,"jump":false},{"cf":[-926.2119750976563,179.37509155273438,870.951171875,0.3224652111530304,-6.165835841898115e-9,-0.9465813040733337,-8.855974620303187e-9,1,-9.53069712039678e-9,0.9465813040733337,1.1456218196315149e-8,0.3224652111530304],"delta":0.016546010971069337,"ws":24.959999084472658,"jump":false},{"cf":[-925.8181762695313,179.4775390625,870.81689453125,0.35325056314468386,5.890353449444774e-8,-0.9355287551879883,3.12858858819709e-8,1,7.477621011275915e-8,0.9355287551879883,-5.568358218965841e-8,0.35325056314468386],"delta":0.01688241958618164,"ws":24.959999084472658,"jump":false},{"cf":[-925.3316040039063,179.52896118164063,870.6336669921875,0.3648342192173004,8.777362126011212e-8,-0.931072473526001,4.674696540973855e-8,1,1.1258899235144782e-7,0.931072473526001,-8.460112610464421e-8,0.3648342192173004],"delta":0.01691293716430664,"ws":24.959999084472658,"jump":false},{"cf":[-924.9443969726563,179.5087890625,870.4815673828125,0.39684465527534487,1.0053961574385539e-7,-0.9178857803344727,5.290979032679388e-8,1,1.3240926932667208e-7,0.9178857803344727,-1.0111105552823574e-7,0.39684465527534487],"delta":0.016698122024536134,"ws":24.959999084472658,"jump":false},{"cf":[-924.5623168945313,179.43411254882813,870.317138671875,0.41877466440200808,1.1051601234157715e-7,-0.9080901741981506,5.576168504717316e-8,1,1.4741662823780644e-7,0.9080901741981506,-1.1237099073468926e-7,0.41877466440200808],"delta":0.017345428466796876,"ws":24.959999084472658,"jump":false},{"cf":[-924.2788696289063,179.3423309326172,870.186767578125,0.4211510717868805,1.0442541764632552e-7,-0.9069905281066895,5.0789374483883878e-8,1,1.3871745352389554e-7,0.9069905281066895,-1.044864887944641e-7,0.4211510717868805],"delta":0.015352249145507813,"ws":24.959999084472658,"jump":false},{"cf":[-923.807373046875,179.1212615966797,869.9674072265625,0.42179781198501589,7.564914028534986e-8,-0.9066899418830872,3.3484429451391409e-8,1,9.901157937974858e-8,0.9066899418830872,-7.212286590174699e-8,0.42179781198501589],"delta":0.017591238021850587,"ws":24.959999084472658,"jump":false},{"cf":[-923.43017578125,178.88308715820313,869.7918701171875,0.4219791889190674,5.2756888635485669e-8,-0.9066055417060852,1.9659937677829477e-8,1,6.734237700811718e-8,0.9066055417060852,-4.6240892004334458e-8,0.4219791889190674],"delta":0.01648426055908203,"ws":24.959999084472658,"jump":false},{"cf":[-923.1472778320313,178.66868591308595,869.6602172851563,0.42199036478996279,3.56116345301416e-8,-0.906600296497345,9.298805281332534e-9,1,4.360867578157013e-8,0.906600296497345,-2.683274047399209e-8,0.42199036478996279],"delta":0.016273021697998048,"ws":24.959999084472658,"jump":false},{"cf":[-922.67578125,178.2432403564453,869.4407958984375,0.42199134826660159,7.061648599204773e-9,-0.9065998792648315,-7.955090808309251e-9,1,4.0863330497131759e-9,0.9065998792648315,5.487687193550528e-9,0.42199134826660159],"delta":0.016864299774169923,"ws":24.959999084472658,"jump":false},{"cf":[-922.298583984375,177.84156799316407,869.2652587890625,0.42199164628982546,-1.5756357996110638e-8,-0.9065997004508972,-2.1744950728930236e-8,1,-2.750116223637633e-8,0.9065997004508972,3.131922809984644e-8,0.42199164628982546],"delta":0.016895294189453126,"ws":24.959999084472658,"jump":false},{"cf":[-922.0156860351563,177.50454711914063,869.1336059570313,0.4219916760921478,-3.285706995370674e-8,-0.9065997004508972,-3.207961540852011e-8,1,-5.117407297916543e-8,0.9065997004508972,5.067840191941286e-8,0.4219916760921478],"delta":0.016465187072753907,"ws":24.959999084472658,"jump":false},{"cf":[-921.6384887695313,177.00750732421876,868.9580688476563,0.4219916760921478,-5.56409673890812e-8,-0.9065997004508972,-4.584887136616089e-8,1,-8.271435092410684e-8,0.9065997004508972,7.64713377066073e-8,0.4219916760921478],"delta":0.015645503997802736,"ws":24.959999084472658,"jump":false},{"cf":[-921.2612915039063,176.45596313476563,868.7825317382813,0.4219916760921478,-7.840538529535479e-8,-0.9065997004508972,-5.960637139423852e-8,1,-1.1422768153579455e-7,0.9065997004508972,1.0224224666899318e-7,0.4219916760921478],"delta":0.016817331314086915,"ws":24.959999084472658,"jump":false},{"cf":[-920.789794921875,175.68988037109376,868.5631103515625,0.42199164628982546,-9.56846335498085e-8,-0.9065997004508972,-6.898795135157343e-8,1,-1.3765388473530039e-7,0.9065997004508972,1.2063324561495393e-7,0.42199164628982546],"delta":0.01746201515197754,"ws":24.959999084472658,"jump":false},{"cf":[-920.5068969726563,175.18936157226563,868.4314575195313,0.4219916760921478,-7.929448031518405e-8,-0.9065997004508972,-5.590106511021986e-8,1,-1.1348367223718015e-7,0.9065997004508972,9.856905336391719e-8,0.4219916760921478],"delta":0.015784740447998048,"ws":24.959999084472658,"jump":false},{"cf":[-920.1296997070313,174.47430419921876,868.2559204101563,0.4219916760921478,-5.745729581008163e-8,-0.9065997004508972,-3.846492191428297e-8,1,-8.128082384928348e-8,0.9065997004508972,6.917211692325509e-8,0.4219916760921478],"delta":0.01703667640686035,"ws":24.959999084472658,"jump":false},{"cf":[-919.658203125,173.5038604736328,868.0364990234375,0.41120657324790957,-3.100365475461331e-8,-0.9115421772003174,-1.6215130571595183e-8,1,-4.1327130162471806e-8,0.9115421772003174,3.177476060045592e-8,0.41120657324790957],"delta":0.018326520919799806,"ws":24.959999084472658,"jump":false},{"cf":[-919.3740844726563,172.88070678710938,867.9075317382813,0.38945168256759646,-1.5401070641019033e-8,-0.9210469126701355,-2.3118289504964197e-9,1,-1.7698789989140097e-8,0.9210469126701355,9.022127045454909e-9,0.38945168256759646],"delta":0.015160560607910157,"ws":24.959999084472658,"jump":false},{"cf":[-918.9915161132813,172.1150360107422,867.744140625,0.38945135474205019,6.380155515017805e-9,-0.921047031879425,1.6212062803333539e-8,1,1.3782103458481743e-8,0.921047031879425,-2.029953094506709e-8,0.38945135474205019],"delta":0.016912460327148439,"ws":24.959999084472658,"jump":false},{"cf":[-918.6084594726563,172.99069213867188,867.58203125,0.37849217653274538,2.838325308118783e-8,-0.9256044626235962,3.5092138972459e-8,1,4.501420747260454e-8,0.9256044626235962,-4.951896670490896e-8,0.37849217653274538],"delta":0.01736140251159668,"ws":24.959999084472658,"jump":true},{"cf":[-918.12744140625,174.0128936767578,867.3844604492188,0.3688420355319977,5.980508888114855e-8,-0.9294921159744263,6.070173697025894e-8,1,8.842941667808191e-8,0.9294921159744263,-8.903826653750002e-8,0.3688420355319977],"delta":0.01661992073059082,"ws":24.959999084472658,"jump":false},{"cf":[-917.8375244140625,174.58534240722657,867.2691040039063,0.36786800622940066,8.259911510322127e-8,-0.9298779964447022,7.802480439522697e-8,1,1.1969521551691288e-7,0.9298779964447022,-1.1658558918270501e-7,0.36786800622940066],"delta":0.01625680923461914,"ws":24.959999084472658,"jump":false},{"cf":[-917.4505615234375,175.30091857910157,867.1161499023438,0.35752683877944949,7.517191136230395e-8,-0.9339028596878052,6.584228628980782e-8,1,1.0569867470167083e-7,0.9339028596878052,-9.928041322382342e-8,0.35752683877944949],"delta":0.016259193420410157,"ws":24.959999084472658,"jump":false},{"cf":[-917.0621337890625,175.9619903564453,866.9672241210938,0.3568356931209564,7.101300525391707e-8,-0.9341671466827393,5.583913420537101e-8,1,9.734703354524754e-8,0.9341671466827393,-8.689998054478565e-8,0.3568356931209564],"delta":0.016211748123168947,"ws":24.959999084472658,"jump":false},{"cf":[-916.5762939453125,176.71170043945313,866.781982421875,0.35647204518318179,6.60613892478068e-8,-0.9343059659004211,4.3555754558610718e-8,1,8.732449430226552e-8,0.9343059659004211,-7.182314476494867e-8,0.35647204518318179],"delta":0.01767730712890625,"ws":24.959999084472658,"jump":false},{"cf":[-916.2847900390625,177.1206512451172,866.6708374023438,0.35642480850219729,6.307595867838245e-8,-0.9343240261077881,3.619558697209868e-8,1,8.131758022500435e-8,0.9343240261077881,-6.280200892661014e-8,0.35642480850219729],"delta":0.015764474868774415,"ws":24.959999084472658,"jump":false},{"cf":[-915.7989501953125,177.73410034179688,866.485595703125,0.35642221570014956,5.8098315491861288e-8,-0.9343249797821045,2.393946907375266e-8,1,7.13144530095633e-8,0.9343249797821045,-4.778529927307318e-8,0.35642221570014956],"delta":0.01762866973876953,"ws":24.959999084472658,"jump":false},{"cf":[-915.5074462890625,178.06130981445313,866.3744506835938,0.35642191767692568,5.5114181662929698e-8,-0.934325098991394,1.6592101914625347e-8,1,6.531770679885085e-8,0.934325098991394,-3.878307808236059e-8,0.35642191767692568],"delta":0.01622748374938965,"ws":24.959999084472658,"jump":false},{"cf":[-915.0216064453125,178.53851318359376,866.189208984375,0.3564216196537018,5.014485893184428e-8,-0.9343252182006836,4.3569436947166199e-9,1,5.533166458349115e-8,0.9343252182006836,-2.3792203762695864e-8,0.3564216196537018],"delta":0.0173799991607666,"ws":24.959999084472658,"jump":false},{"cf":[-914.6329345703125,178.8589630126953,866.041015625,0.3564217984676361,4.617321991418066e-8,-0.9343251585960388,-5.4217808020951e-9,1,4.7350514620347897e-8,0.9343251585960388,-1.1811049027699028e-8,0.3564217984676361],"delta":0.015880346298217775,"ws":24.959999084472658,"jump":false},{"cf":[-914.3414306640625,179.06353759765626,865.9298706054688,0.35642191767692568,4.3196724419658497e-8,-0.934325098991394,-1.2750347444523414e-8,1,4.136913389629626e-8,0.934325098991394,-2.8318964950813099e-9,0.35642191767692568],"delta":0.016817569732666017,"ws":24.959999084472658,"jump":false},{"cf":[-913.9527587890625,179.2886199951172,865.7816772460938,0.3564217686653137,3.923104330283422e-8,-0.9343251585960388,-2.2514470288115264e-8,1,3.3399928156541139e-8,0.9343251585960388,9.131374767434864e-9,0.3564217686653137],"delta":0.01708817481994629,"ws":24.959999084472658,"jump":false},{"cf":[-913.5640869140625,179.45919799804688,865.6334838867188,0.35642167925834658,3.5268755027573209e-8,-0.9343252182006836,-3.2270257577238229e-8,1,2.543754007433563e-8,0.9343252182006836,2.1084424872697128e-8,0.35642167925834658],"delta":0.015760183334350587,"ws":24.959999084472658,"jump":false},{"cf":[-913.1754150390625,179.5752716064453,865.4852905273438,0.35642167925834658,3.1309859593875447e-8,-0.9343252182006836,-4.201772441092544e-8,1,1.7481957215181866e-8,0.9343252182006836,3.302726980791704e-8,0.35642167925834658],"delta":0.01708984375,"ws":24.959999084472658,"jump":false},{"cf":[-912.7867431640625,179.6368408203125,865.3370361328125,0.3362034857273102,3.491068412131426e-8,-0.9417893886566162,-4.8237492222824588e-8,1,1.9848464205551865e-8,0.9417893886566162,3.8756436282483267e-8,0.3362034857273102],"delta":0.017015695571899415,"ws":24.959999084472658,"jump":false},{"cf":[-912.3951416015625,179.6439208984375,865.1966552734375,0.3349602222442627,5.64180915318957e-8,-0.9422322511672974,-4.670910414006357e-8,1,4.3272130767491038e-8,0.9422322511672974,2.9516382227257055e-8,0.3349602222442627],"delta":0.015343904495239258,"ws":24.959999084472658,"jump":false},{"cf":[-912.0030517578125,179.59649658203126,865.0576782226563,0.3342391848564148,7.905416055109527e-8,-0.9424882531166077,-4.466264513780516e-8,1,6.803920626907711e-8,0.9424882531166077,1.9352651037252145e-8,0.3342391848564148],"delta":0.017659664154052736,"ws":24.959999084472658,"jump":false},{"cf":[-911.6109619140625,179.49456787109376,864.9187622070313,0.33415231108665469,1.0170877828841185e-7,-0.9425190687179565,-4.260546404566412e-8,1,9.280667967459522e-8,0.9425190687179565,9.144896395696378e-9,0.33415231108665469],"delta":0.01711273193359375,"ws":24.959999084472658,"jump":false},{"cf":[-911.2188720703125,179.33815002441407,864.7798461914063,0.33414530754089358,1.2434614404810419e-7,-0.9425215721130371,-4.05490681032461e-8,1,1.1755366813304136e-7,0.9425215721130371,-1.0616326706625046e-9,0.33414530754089358],"delta":0.0165555477142334,"ws":24.959999084472658,"jump":false},{"cf":[-910.8267822265625,179.12722778320313,864.6409301757813,0.3341456353664398,1.4696426831051213e-7,-0.9425214529037476,-3.849429219826561e-8,1,1.422795889993722e-7,0.9425214529037476,-1.126040682919438e-8,0.3341456353664398],"delta":0.016349077224731447,"ws":24.959999084472658,"jump":false},{"cf":[-910.4346923828125,178.86180114746095,864.5020141601563,0.3341379761695862,1.695631652864904e-7,-0.9425241947174072,-3.6441143436150017e-8,1,1.6698436411388685e-7,0.9425241947174072,-2.1449157117103824e-8,0.3341379761695862],"delta":0.016610383987426759,"ws":24.959999084472658,"jump":false},{"cf":[-910.0426025390625,178.54188537597657,864.3630981445313,0.33413830399513247,1.394679856048242e-7,-0.9425240755081177,-2.5676634152205226e-8,1,1.3887013494695567e-7,0.9425240755081177,-2.2200989491238944e-8,0.33413830399513247],"delta":0.016728878021240236,"ws":24.959999084472658,"jump":false},{"cf":[-909.6505126953125,178.16746520996095,864.2241821289063,0.3341463804244995,9.184758908986623e-8,-0.9425212144851685,-1.2017641104478117e-8,1,9.318829086168989e-8,0.9425212144851685,-1.9811649210055294e-8,0.3341463804244995],"delta":0.016584157943725587,"ws":24.959999084472658,"jump":false},{"cf":[-909.2584228515625,177.73854064941407,864.0852661132813,0.3341408669948578,4.426818733804794e-8,-0.9425231218338013,1.6293807414413664e-9,1,4.754539162377114e-8,0.9425231218338013,-1.742258781689543e-8,0.3341408669948578],"delta":0.016300439834594728,"ws":24.959999084472658,"jump":false},{"cf":[-908.8663330078125,177.25511169433595,863.9463500976563,0.3341464698314667,-3.27079496820204e-9,-0.9425211548805237,1.5265035457900923e-8,1,1.9415613561335478e-9,0.9425211548805237,-1.503638458189016e-8,0.3341464698314667],"delta":0.016718626022338868,"ws":24.959999084472658,"jump":false},{"cf":[-908.376220703125,176.57420349121095,863.772705078125,0.3341362178325653,-6.263709906306758e-8,-0.942524790763855,3.229257572456845e-8,1,-5.500860922325046e-8,0.942524790763855,-1.2056183607001003e-8,0.3341362178325653],"delta":0.017050504684448243,"ws":24.959999084472658,"jump":false},{"cf":[-907.984130859375,175.96815490722657,863.6337890625,0.3341364562511444,-1.1008462763584248e-7,-0.9425247311592102,4.59015758735859e-8,1,-1.0052493593093459e-7,0.9425247311592102,-9.674320899932809e-9,0.3341364562511444],"delta":0.016632556915283204,"ws":24.959999084472658,"jump":false},{"cf":[-907.6900634765625,175.47784423828126,863.5296020507813,0.3341362774372101,-1.4564368200353784e-7,-0.942524790763855,5.610072051354109e-8,1,-1.3463667869473284e-7,0.942524790763855,-7.889323860865716e-9,0.3341362774372101],"delta":0.016430139541625978,"ws":24.959999084472658,"jump":false},{"cf":[-907.199951171875,174.59254455566407,863.35595703125,0.3341367244720459,-1.1699378177354447e-7,-0.9425246119499207,4.1667735928285768e-8,1,-1.0935636396425252e-7,0.9425246119499207,-2.7328896923251024e-9,0.3341367244720459],"delta":0.017419815063476564,"ws":24.959999084472658,"jump":false},{"cf":[-906.9058837890625,174.02049255371095,863.2517700195313,0.33413591980934145,-9.981852855389661e-8,-0.9425249099731445,3.301529716281948e-8,1,-9.42011553206612e-8,0.9425249099731445,3.582497354326364e-10,0.33413591980934145],"delta":0.015742778778076173,"ws":24.959999084472658,"jump":false},{"cf":[-906.415771484375,172.9989471435547,863.078125,0.3341357111930847,-7.12175705075424e-8,-0.9425249695777893,1.8606851170943629e-8,1,-6.896407001022453e-8,0.9425249695777893,5.505937039629316e-9,0.3341357111930847],"delta":0.017208337783813478,"ws":24.959999084472658,"jump":false},{"cf":[-906.023681640625,172.2271270751953,862.939208984375,0.3341357111930847,-4.8358806736814589e-8,-0.9425249695777893,7.091168541251136e-9,1,-4.879382231592899e-8,0.9425249695777893,9.620154450828977e-9,0.3341357111930847],"delta":0.017107248306274415,"ws":24.959999084472658,"jump":false},{"cf":[-905.631591796875,172.1857147216797,862.80029296875,0.3341357111930847,-2.551957756224965e-8,-0.9425249695777893,-4.414676624264757e-9,1,-2.8640810612046154e-8,0.9425249695777893,1.3730860892735564e-8,0.3341357111930847],"delta":0.016816377639770509,"ws":24.959999084472658,"jump":false},{"cf":[-905.3375244140625,172.83990478515626,862.6961059570313,0.3341357111930847,-8.402967210940915e-9,-0.9425249695777893,-1.3037609214450186e-8,1,-1.3537357901327596e-8,0.9425249695777893,1.68115867893448e-8,0.3341357111930847],"delta":0.0156404972076416,"ws":24.959999084472658,"jump":true},{"cf":[-904.9454345703125,173.6644744873047,862.5571899414063,0.3341362476348877,1.4402123049706006e-8,-0.942524790763855,-2.4526265463009623e-8,1,6.5855125797043e-9,0.942524790763855,2.091615414201442e-8,0.3341362476348877],"delta":0.016806364059448243,"ws":24.959999084472658,"jump":false},{"cf":[-904.5533447265625,174.43455505371095,862.4182739257813,0.32396525144577029,3.904963463696731e-8,-0.9460690021514893,-3.485846278294957e-8,1,2.9338986351490349e-8,0.9460690021514893,2.347369942867772e-8,0.32396525144577029],"delta":0.016274452209472657,"ws":24.959999084472658,"jump":false},{"cf":[-904.1598510742188,175.15013122558595,862.283203125,0.3028738796710968,8.052411715198105e-8,-0.9530306458473206,-3.715081220434513e-8,1,7.268612733923874e-8,0.9530306458473206,1.3391132647200266e-8,0.3028738796710968],"delta":0.017497539520263673,"ws":24.959999084472658,"jump":false},{"cf":[-903.7635498046875,175.8112030029297,862.1568603515625,0.29095447063446047,1.1607382788270115e-7,-0.9567369222640991,-2.311744751182232e-8,1,1.1429234092474872e-7,0.9567369222640991,-1.1136554789459297e-8,0.29095447063446047],"delta":0.015372276306152344,"ws":24.959999084472658,"jump":false},{"cf":[-903.3655395507813,176.41778564453126