[{"cf":[-953.4302978515625,173.0307159423828,881.5317993164063,0.03001498244702816,-6.795818308091839e-8,-0.9995494484901428,1.281418526843936e-8,1,-6.760402726513348e-8,0.9995494484901428,-1.0779277914707564e-8,0.03001498244702816],"delta":0.015514850616455078,"ws":24.959999084472658,"jump":false},{"cf":[-953.343994140625,173.0307159423828,881.5230102539063,0.0365665927529335,-1.3683819410914566e-8,-0.9993312358856201,5.369987121639497e-8,1,-1.1728040760772274e-8,0.9993312358856201,-5.323510166022061e-8,0.0365665927529335],"delta":0.016600370407104493,"ws":24.959999084472658,"jump":false},{"cf":[-953.1195678710938,173.0307159423828,881.5001831054688,0.045106884092092517,1.3088890682411148e-7,-0.9989821910858154,7.21577393392181e-8,1,1.34280398356168e-7,0.9989821910858154,-7.814126234961805e-8,0.045106884092092517],"delta":0.017499685287475587,"ws":24.959999084472658,"jump":false},{"cf":[-952.7603149414063,173.0307159423828,881.463623046875,0.05291927605867386,1.5506238071338886e-7,-0.9985988140106201,5.6189264796557839e-8,1,1.5825762034182845e-7,0.9985988140106201,-6.448541256531826e-8,0.05291927605867386],"delta":0.01661992073059082,"ws":24.959999084472658,"jump":false},{"cf":[-952.3483276367188,173.0307159423828,881.4217529296875,0.059705816209316257,1.4069236442537659e-7,-0.9982160329818726,4.78893156241611e-8,1,1.4380819379766764e-7,0.9982160329818726,-5.639006772639732e-8,0.059705816209316257],"delta":0.016513586044311525,"ws":24.959999084472658,"jump":false},{"cf":[-951.8309936523438,173.0307159423828,881.3692016601563,0.0669424757361412,1.2823835504605086e-7,-0.997756838798523,4.6678884757511699e-8,1,1.3165848145035853e-7,0.997756838798523,-5.538771929991526e-8,0.0669424757361412],"delta":0.016766071319580079,"ws":24.959999084472658,"jump":false},{"cf":[-951.5206298828125,173.0307159423828,881.337646484375,0.07064652442932129,1.2522762915523345e-7,-0.9975014328956604,4.714754808787802e-8,1,1.2888045830550255e-7,0.9975014328956604,-5.613470221987882e-8,0.07064652442932129],"delta":0.016190052032470704,"ws":24.959999084472658,"jump":false},{"cf":[-951.0033569335938,172.96282958984376,881.2850952148438,0.07594586163759232,1.0419496732083644e-7,-0.9971119165420532,4.0099891407407998e-8,1,1.0755100277037855e-7,0.9971119165420532,-4.8152131171264048e-8,0.07594586163759232],"delta":0.016629934310913087,"ws":24.959999084472658,"jump":false},{"cf":[-950.5895385742188,172.8472137451172,881.2431030273438,0.10232871025800705,1.1228976859456452e-7,-0.9947506189346314,4.417832144554268e-8,1,1.1742689309812704e-7,0.9947506189346314,-5.596255547857254e-8,0.10232871025800705],"delta":0.017937898635864259,"ws":24.959999084472658,"jump":false},{"cf":[-950.1757202148438,172.67709350585938,881.2011108398438,0.10120891034603119,9.315494509110067e-8,-0.9948651790618897,3.696638017913756e-8,1,9.739638073824608e-8,0.9948651790618897,-4.663394648218855e-8,0.10120891034603119],"delta":0.016100168228149415,"ws":24.959999084472658,"jump":false},{"cf":[-949.8653564453125,172.53033447265626,881.1696166992188,0.10107790678739548,5.533140878810627e-8,-0.9948785305023193,2.222522788031256e-8,1,5.787429202541716e-8,0.9948785305023193,-2.7961213788785245e-8,0.10107790678739548],"delta":0.016287565231323243,"ws":24.959999084472658,"jump":false},{"cf":[-949.4515380859375,172.37571716308595,881.1276245117188,0.10106584429740906,4.929653130147926e-9,-0.9948797225952148,2.586368896828617e-9,1,5.217763110465512e-9,0.9948797225952148,-3.1004636635856288e-9,0.10106584429740906],"delta":0.017189502716064454,"ws":24.959999084472658,"jump":false},{"cf":[-949.0377197265625,172.35150146484376,881.0856323242188,0.11286560446023941,-4.546661713789035e-8,-0.9936102628707886,-1.6409781977699823e-8,1,-4.762301486493925e-8,0.9936102628707886,2.1679928963180829e-8,0.11286560446023941],"delta":0.01586174964904785,"ws":24.959999084472658,"jump":false},{"cf":[-948.6243286132813,172.36080932617188,881.0394287109375,0.12464484572410584,-9.55223597998156e-8,-0.9922014474868774,-3.476207055541636e-8,1,-1.0064012201382866e-7,0.9922014474868774,4.703525036120482e-8,0.12464484572410584],"delta":0.01692509651184082,"ws":24.959999084472658,"jump":false},{"cf":[-948.21142578125,172.36941528320313,880.98828125,0.15989261865615846,-7.753229169793485e-8,-0.9871343970298767,-2.745718141738962e-8,1,-8.299021203583834e-8,0.9871343970298767,4.0373450360675636e-8,0.15989261865615846],"delta":0.01673722267150879,"ws":24.959999084472658,"jump":false},{"cf":[-947.6978759765625,172.37559509277345,880.9073486328125,0.1715794950723648,-5.674937142430281e-8,-0.985170304775238,-1.8596676198967544e-8,1,-6.084245285364887e-8,0.985170304775238,2.876021021336328e-8,0.1715794950723648],"delta":0.0176544189453125,"ws":24.959999084472658,"jump":false},{"cf":[-947.390380859375,172.37762451171876,880.8544921875,0.1949322521686554,-4.388118668430252e-8,-0.9808167219161987,-1.3601789028427902e-8,1,-4.744272175116748e-8,0.9808167219161987,2.2588977799387068e-8,0.1949322521686554],"delta":0.015335321426391602,"ws":24.959999084472658,"jump":false},{"cf":[-946.9821166992188,172.37924194335938,880.77490234375,0.2065494805574417,-2.7397009105811777e-8,-0.9784361720085144,-7.159083548202716e-9,1,-2.9512108312701458e-8,0.9784361720085144,1.310041675139928e-8,0.2065494805574417],"delta":0.016616106033325197,"ws":24.959999084472658,"jump":false},{"cf":[-946.574951171875,172.38011169433595,880.689697265625,0.21814824640750886,-1.1040213188096004e-8,-0.9759156703948975,-9.349712115636067e-10,1,-1.1521668064062851e-8,0.9759156703948975,3.425884687047187e-9,0.21814824640750886],"delta":0.017742395401000978,"ws":24.959999084472658,"jump":false},{"cf":[-946.0672607421875,172.38067626953126,880.5769653320313,0.22971896827220918,9.230995523523689e-9,-0.9732570052146912,6.570439747832779e-9,1,1.1035471203513226e-8,0.9732570052146912,-8.929784023337107e-9,0.22971896827220918],"delta":0.016811847686767579,"ws":24.959999084472658,"jump":false},{"cf":[-945.763427734375,172.38087463378907,880.5059814453125,0.22971896827220918,2.135847765316612e-8,-0.9732570052146912,1.1069849925604558e-8,1,2.4558191924484164e-8,0.9732570052146912,-1.6415290460258803e-8,0.22971896827220918],"delta":0.01670217514038086,"ws":24.959999084472658,"jump":false},{"cf":[-945.358642578125,172.3810272216797,880.4105224609375,0.22971896827220918,3.751636512561163e-8,-0.9732570052146912,1.70645897412669e-8,1,4.2575006631295767e-8,0.9732570052146912,-2.6388518037379073e-8,0.22971896827220918],"delta":0.015987634658813478,"ws":24.959999084472658,"jump":false},{"cf":[-944.8526611328125,172.38111877441407,880.2911987304688,0.22971896827220918,5.769431155044913e-8,-0.9732570052146912,2.455082892538485e-8,1,6.507438854441716e-8,0.9732570052146912,-3.884308696910921e-8,0.22971896827220918],"delta":0.016856908798217775,"ws":24.959999084472658,"jump":false},{"cf":[-944.549072265625,172.3811492919922,880.2196044921875,0.22971896827220918,6.979072963986255e-8,-0.9732570052146912,2.903874474213808e-8,1,7.856247918880399e-8,0.9732570052146912,-4.630945227290795e-8,0.22971896827220918],"delta":0.016411781311035157,"ws":24.959999084472658,"jump":false},{"cf":[-944.0430908203125,172.3811492919922,880.1002807617188,0.22971896827220918,8.9934211189302e-8,-0.9732570052146912,3.651223323686281e-8,1,1.010234313980618e-7,0.9732570052146912,-5.8742784858623057e-8,0.22971896827220918],"delta":0.017292499542236329,"ws":24.959999084472658,"jump":false},{"cf":[-943.6383056640625,172.3811492919922,880.0048217773438,0.22971896827220918,1.0603350375504306e-7,-0.9732570052146912,4.2485289952765018e-8,1,1.189749312402455e-7,0.9732570052146912,-6.8679902653912e-8,0.22971896827220918],"delta":0.016452312469482423,"ws":24.959999084472658,"jump":false},{"cf":[-943.2335205078125,172.3811492919922,879.9093627929688,0.22971896827220918,7.697569515130454e-8,-0.9732570052146912,3.055792419104364e-8,1,8.630344439097826e-8,0.9732570052146912,-4.95662533239738e-8,0.22971896827220918],"delta":0.016342878341674806,"ws":24.959999084472658,"jump":false},{"cf":[-942.8287353515625,172.3811492919922,879.8139038085938,0.22971896827220918,3.290136163514035e-8,-0.9732570052146912,1.2678156302570187e-8,1,3.6797860758497339e-8,0.9732570052146912,-2.0792271016034648e-8,0.22971896827220918],"delta":0.017257213592529298,"ws":24.959999084472658,"jump":false},{"cf":[-942.525146484375,172.3811492919922,879.7423095703125,0.22971896827220918,-1.2967546481057469e-10,-0.9732570052146912,-7.216698905132546e-10,1,-3.0357522051716048e-10,0.9732570052146912,7.721072670108242e-10,0.22971896827220918],"delta":0.015900373458862306,"ws":24.959999084472658,"jump":false},{"cf":[-942.120361328125,172.3811492919922,879.6468505859375,0.22971896827220918,-4.413812959569441e-8,-0.9732570052146912,-1.8574782600921936e-8,1,-4.97351777539734e-8,0.9732570052146912,2.9503150145160363e-8,0.22971896827220918],"delta":0.0166323184967041,"ws":24.959999084472658,"jump":false},{"cf":[-941.715576171875,172.3811492919922,879.5513916015625,0.22971896827220918,-8.810898322053618e-8,-0.9732570052146912,-3.6412679094155467e-8,1,-9.912454856930708e-8,0.9732570052146912,5.8209685960264326e-8,0.22971896827220918],"delta":0.016496658325195314,"ws":24.959999084472658,"jump":false},{"cf":[-941.2095947265625,172.3811492919922,879.4320678710938,0.22971896827220918,-6.661976925670388e-8,-0.9732570052146912,-2.728868508938831e-8,1,-7.489131803595228e-8,0.9732570052146912,4.376286000251639e-8,0.22971896827220918],"delta":0.01829814910888672,"ws":24.959999084472658,"jump":false},{"cf":[-940.906005859375,172.3811492919922,879.3604736328125,0.22971896827220918,-5.3737259975150667e-8,-0.9732570052146912,-2.181895375485965e-8,1,-6.036379573970408e-8,0.9732570052146912,3.5102157625033217e-8,0.22971896827220918],"delta":0.01480245590209961,"ws":24.959999084472658,"jump":false},{"cf":[-940.501220703125,172.3811492919922,879.2650146484375,0.22971896827220918,-3.657342162455279e-8,-0.9732570052146912,-1.4531417846797013e-8,1,-4.100824924080371e-8,0.9732570052146912,2.356317629903515e-8,0.22971896827220918],"delta":0.018108844757080079,"ws":24.959999084472658,"jump":false},{"cf":[-939.9952392578125,173.4680633544922,879.1456909179688,0.22971896827220918,-1.513924807738931e-8,-0.9732570052146912,-5.430731420119628e-9,1,-1.683706329913548e-8,0.9732570052146912,9.153289681762545e-9,0.22971896827220918],"delta":0.016666412353515626,"ws":24.959999084472658,"jump":true},{"cf":[-939.5904541015625,174.2790069580078,879.0502319335938,0.22971847653388978,1.9916102100836498e-9,-0.9732571244239807,1.8428357728694778e-9,1,2.481300720447166e-9,0.9732571244239807,-2.363553575079891e-9,0.22971847653388978],"delta":0.017879247665405275,"ws":24.959999084472658,"jump":false},{"cf":[-939.1856689453125,175.03546142578126,878.9547729492188,0.22971823811531068,1.9107829984932324e-8,-0.9732571840286255,9.110211252050249e-9,1,2.1783154835475217e-8,0.9732571840286255,-1.3870566917262295e-8,0.22971823811531068],"delta":0.01383352279663086,"ws":24.959999084472658,"jump":false},{"cf":[-938.7808837890625,175.73741149902345,878.8593139648438,0.22971834242343903,3.620941768645025e-8,-0.9732571244239807,1.63714002354709e-8,1,4.106851747565088e-8,0.9732571244239807,-2.5367773659468186e-8,0.22971834242343903],"delta":0.01788020133972168,"ws":24.959999084472658,"jump":false},{"cf":[-938.3760986328125,176.38485717773438,878.7638549804688,0.2086866796016693,6.308308542202212e-8,-0.9779825806617737,2.7682714787147235e-8,1,7.041035843258214e-8,0.9779825806617737,-4.176691348334316e-8,0.2086866796016693],"delta":0.016285181045532228,"ws":24.959999084472658,"jump":false},{"cf":[-937.9693603515625,176.97781372070313,878.676513671875,0.19684207439422608,1.0108995951441102e-7,-0.9804351925849915,4.364858696703777e-8,1,1.1187056259132078e-7,0.9804351925849915,-6.481544545522411e-8,0.19684207439422608],"delta":0.017296552658081056,"ws":24.959999084472658,"jump":false},{"cf":[-937.5614624023438,177.51626586914063,878.5946655273438,0.1954447478055954,1.0420632179375389e-7,-0.980714738368988,4.460541092043968e-8,1,1.151448145719769e-7,0.980714738368988,-6.624963333479173e-8,0.1954447478055954],"delta":0.01647496223449707,"ws":24.959999084472658,"jump":false},{"cf":[-937.2554931640625,177.88433837890626,878.5338745117188,0.19497714936733247,1.0682460782618364e-7,-0.9808077812194824,4.550023291471916e-8,1,1.1796002752362256e-7,0.9808077812194824,-6.762648752101086e-8,0.19497714936733247],"delta":0.015781164169311525,"ws":24.959999084472658,"jump":false},{"cf":[-936.7455444335938,178.42967224121095,878.4325561523438,0.19493500888347627,1.1113957754105286e-7,-0.9808161854743958,4.70037306854465e-8,1,1.2265525128896116e-7,0.9808161854743958,-7.001182211752166e-8,0.19493500888347627],"delta":0.016986846923828126,"ws":24.959999084472658,"jump":false},{"cf":[-936.3375854492188,178.80462646484376,878.3515014648438,0.19492323696613313,1.1458632798166946e-7,-0.980818510055542,4.8206633351810527e-8,1,1.2640761326565554e-7,0.980818510055542,-7.192173967496274e-8,0.19492323696613313],"delta":0.017050743103027345,"ws":24.959999084472658,"jump":false},{"cf":[-935.9296264648438,179.1250762939453,878.2704467773438,0.19492243230342866,1.1802929122950445e-7,-0.9808186888694763,4.9408598101763349e-8,1,1.3015672095662013e-7,0.9808186888694763,-7.383133748817272e-8,0.19492243230342866],"delta":0.016721725463867189,"ws":24.959999084472658,"jump":false},{"cf":[-935.6236572265625,179.32965087890626,878.2096557617188,0.19492235779762269,1.2060955612014369e-7,-0.9808186888694763,5.030940286587793e-8,1,1.3296644851834572e-7,0.9808186888694763,-7.526253398282279e-8,0.19492235779762269],"delta":0.015951871871948243,"ws":24.959999084472658,"jump":false},{"cf":[-935.2156982421875,179.5547332763672,878.1286010742188,0.19492241740226746,1.240473039842982e-7,-0.9808186888694763,5.1509577048136637e-8,1,1.3670995713255253e-7,0.9808186888694763,-7.716938910107274e-8,0.19492241740226746],"delta":0.016927003860473634,"ws":24.959999084472658,"jump":false},{"cf":[-934.8077392578125,179.72531127929688,878.0475463867188,0.19492235779762269,1.2748212441238139e-7,-0.9808186888694763,5.2708731601569528e-8,1,1.4045025409359369e-7,0.9808186888694763,-7.907460286560308e-8,0.19492235779762269],"delta":0.016793251037597657,"ws":24.959999084472658,"jump":false},{"cf":[-934.3997802734375,179.8413848876953,877.9664916992188,0.19492241740226746,1.3091401740439324e-7,-0.9808186888694763,5.3906855868035566e-8,1,1.4418736782317866e-7,0.9808186888694763,-8.09781965926959e-8,0.19492241740226746],"delta":0.01627826690673828,"ws":24.959999084472658,"jump":false},{"cf":[-933.9918212890625,179.9029541015625,877.8854370117188,0.19492235779762269,1.3434299717118848e-7,-0.9808186888694763,5.510395695296211e-8,1,1.4792131253216213e-7,0.9808186888694763,-8.288015607149646e-8,0.19492235779762269],"delta":0.016915082931518556,"ws":24.959999084472658,"jump":false},{"cf":[-933.5838623046875,179.9100341796875,877.8043823242188,0.19492241740226746,1.3776903529105767e-7,-0.9808186888694763,5.630003130363548e-8,1,1.5165205979883468e-7,0.9808186888694763,-8.47805097237142e-8,0.19492241740226746],"delta":0.016231536865234376,"ws":24.959999084472658,"jump":false},{"cf":[-933.1759033203125,179.86260986328126,877.7233276367188,0.19492235779762269,1.4119216018571024e-7,-0.9808186888694763,5.749509668362407e-8,1,1.5537962383405103e-7,0.9808186888694763,-8.667922202221234e-8,0.19492235779762269],"delta":0.016376495361328126,"ws":24.959999084472658,"jump":false},{"cf":[-932.6659545898438,179.7266845703125,877.6220092773438,0.19492241740226746,1.4546694160344487e-7,-0.9808186888694763,5.898748156596412e-8,1,1.6003460245883617e-7,0.9808186888694763,-8.90503528694353e-8,0.19492241740226746],"delta":0.018577098846435548,"ws":24.959999084472658,"jump":false},{"cf":[-932.3599853515625,179.60426330566407,877.5612182617188,0.19491520524024964,1.4803032399868244e-7,-0.9808201193809509,5.988209750285023e-8,1,1.6282523063182453e-7,0.9808201193809509,-9.047067806022824e-8,0.19491520524024964],"delta":0.015006065368652344,"ws":24.959999084472658,"jump":false},{"cf":[-931.8500366210938,179.33209228515626,877.4598999023438,0.19493138790130616,1.5229620942136536e-7,-0.9808169007301331,6.137207009260237e-8,1,1.674721943345503e-7,0.9808169007301331,-9.284035229484289e-8,0.19493138790130616],"delta":0.016351938247680665,"ws":24.959999084472658,"jump":false},{"cf":[-931.4420776367188,179.05303955078126,877.3788452148438,0.21601495146751405,1.470745587539568e-7,-0.9763900637626648,6.026328946973081e-8,1,1.6396349167280278e-7,0.9763900637626648,-9.425904323734358e-8,0.21601495146751405],"delta":0.01733088493347168,"ws":24.959999084472658,"jump":false},{"cf":[-931.1373291015625,178.80799865722657,877.3121337890625,0.22823204100131989,1.261561237697606e-7,-0.9736067652702332,5.274828751566929e-8,1,1.4194125697031269e-7,0.9736067652702332,-8.375162963147886e-8,0.22823204100131989],"delta":0.01716017723083496,"ws":24.959999084472658,"jump":false},{"cf":[-930.631103515625,178.33145141601563,877.1935424804688,0.2291395664215088,1.0381704385054036e-7,-0.9733935594558716,4.4229278017837717e-8,1,1.170664418737033e-7,0.9733935594558716,-6.987704637140269e-8,0.2291395664215088],"delta":0.015388727188110352,"ws":24.959999084472658,"jump":false},{"cf":[-930.226318359375,177.88890075683595,877.0980834960938,0.24014733731746674,8.803875317653365e-8,-0.9707364439964294,3.8893947618134919e-8,1,1.0031459396486753e-7,0.9707364439964294,-6.184605183534586e-8,0.24014733731746674],"delta":0.017956972122192384,"ws":24.959999084472658,"jump":false},{"cf":[-929.8224487304688,177.39186096191407,876.9984130859375,0.2512666881084442,8.157375219752794e-8,-0.9679179191589356,3.7598983482212137e-8,1,9.403806444652219e-8,0.9679179191589356,-6.002136387905921e-8,0.2512666881084442],"delta":0.016568422317504884,"ws":24.959999084472658,"jump":false},{"cf":[-929.5203857421875,176.98330688476563,876.9202270507813,0.2523229718208313,8.217465818916026e-8,-0.9676430821418762,3.8625607601261439e-8,1,9.49945189177015e-8,0.9676430821418762,-6.134509789035292e-8,0.2523229718208313],"delta":0.01623845100402832,"ws":24.959999084472658,"jump":false},{"cf":[-929.0171508789063,176.23426818847657,876.7887573242188,0.25264912843704226,8.388227001887572e-8,-0.967557966709137,4.0519523736293198e-8,1,9.727530425607256e-8,0.967557966709137,-6.378150629871016e-8,0.25264912843704226],"delta":0.017716169357299806,"ws":24.959999084472658,"jump":false},{"cf":[-928.7152099609375,175.74395751953126,876.7098388671875,0.2634822428226471,8.520030547742863e-8,-0.9646642208099365,4.21496366698193e-8,1,9.983368443045038e-8,0.9646642208099365,-6.696465248978711e-8,0.2634822428226471],"delta":0.01570916175842285,"ws":24.959999084472658,"jump":false},{"cf":[-928.3138427734375,175.0425262451172,876.6006469726563,0.26382535696029665,9.093685093830573e-8,-0.9645704627037048,4.553410093421917e-8,1,1.0673134198668777e-7,0.9645704627037048,-7.207928831576283e-8,0.26382535696029665],"delta":0.016806602478027345,"ws":24.959999084472658,"jump":false},{"cf":[-927.8124389648438,174.089111328125,876.4633178710938,0.2641589641571045,9.84314141305731e-8,-0.9644791483879089,4.983905910194153e-8,1,1.1570685387596314e-7,0.9644791483879089,-7.863373951977337e-8,0.2641589641571045],"delta":0.017518997192382814,"ws":24.959999084472658,"jump":false},{"cf":[-927.5115966796875,173.47618103027345,876.3809204101563,0.2642013728618622,1.0293940988503891e-7,-0.9644675254821777,5.241768263886115e-8,1,1.2109089198020229e-7,0.9644675254821777,-8.254753680603244e-8,0.2642013728618622],"delta":0.01563239097595215,"ws":24.959999084472658,"jump":false},{"cf":[-927.1104736328125,172.6112518310547,876.2710571289063,0.26420316100120547,5.4100699031778279e-8,-0.9644670486450195,2.784497077357173e-8,1,6.372164307322237e-8,0.9644670486450195,-4.369101702650369e-8,0.26420316100120547],"delta":0.01670670509338379,"ws":24.959999084472658,"jump":false},{"cf":[-926.6090698242188,172.22164916992188,876.1337280273438,0.26420357823371889,-6.888790426984315e-9,-0.96446692943573,-2.8414754993377757e-9,1,-7.92097498703015e-9,0.96446692943573,4.833259126257872e-9,0.26420357823371889],"delta":0.017612457275390626,"ws":24.959999084472658,"jump":false},{"cf":[-926.2079467773438,173.08709716796876,876.0238647460938,0.2642036974430084,-5.563347471593261e-8,-0.96446692943573,-2.7367043742287934e-8,1,-6.517999651123319e-8,0.96446692943573,4.36154010685641e-8,0.2642036974430084],"delta":0.017281293869018556,"ws":24.959999084472658,"jump":true},{"cf":[-925.8068237304688,173.89804077148438,875.9140625,0.27458593249320986,-1.01625765580593e-7,-0.9615625739097595,-5.0382983118879568e-8,1,-1.200756258867841e-7,0.9615625739097595,8.14174683227975e-8,0.27458593249320986],"delta":0.016323328018188478,"ws":24.959999084472658,"jump":false},{"cf":[-925.5067138671875,174.47048950195313,875.8287963867188,0.2752592861652374,-1.0484150436695927e-7,-0.961370050907135,-5.2126608807157029e-8,1,-1.239791487250841e-7,0.961370050907135,8.423937458701403e-8,0.2752592861652374],"delta":0.016094446182250978,"ws":24.959999084472658,"jump":false},{"cf":[-925.0068359375,175.3564453125,875.6854858398438,0.27554601430892947,-8.633868731067196e-8,-0.9612879157066345,-4.307405987447055e-8,1,-1.0216250245775882e-7,0.9612879157066345,6.955703923949841e-8,0.27554601430892947],"delta":0.0162198543548584,"ws":24.959999084472658,"jump":false},{"cf":[-924.60693359375,176.00389099121095,875.5707397460938,0.2756272554397583,-7.156166503818895e-8,-0.9612646102905273,-3.5828453093245119e-8,1,-8.4718571713438e-8,0.9612646102905273,5.779137168815396e-8,0.2756272554397583],"delta":0.016623735427856447,"ws":24.959999084472658,"jump":false},{"cf":[-924.3070068359375,176.45372009277345,875.4846801757813,0.27563193440437319,-6.049153000731167e-8,-0.9612632393836975,-3.03979881266514e-8,1,-7.164550197558128e-8,0.9612632393836975,4.896825700484442e-8,0.27563193440437319],"delta":0.016649723052978517,"ws":24.959999084472658,"jump":false},{"cf":[-923.9071044921875,177.00579833984376,875.3699340820313,0.27563267946243288,-4.5742741150434088e-8,-0.9612630605697632,-2.3162739282156509e-8,1,-5.4227765389214258e-8,0.9612630605697632,3.7212430470390248e-8,0.27563267946243288],"delta":0.01623392105102539,"ws":24.959999084472658,"jump":false},{"cf":[-923.4072265625,177.61924743652345,875.2265014648438,0.2756330966949463,-2.7324468021561189e-8,-0.9612629413604736,-1.4127374825534389e-8,1,-3.247648550086524e-8,0.9612629413604736,2.253171516031216e-8,0.2756330966949463],"delta":0.017982959747314454,"ws":24.959999084472658,"jump":false},{"cf":[-923.00732421875,178.0487060546875,875.1117553710938,0.2756328582763672,-1.2604000509952585e-8,-0.9612630009651184,-6.90604240460857e-9,1,-1.509215863393365e-8,0.9612630009651184,1.0798417271473682e-8,0.2756328582763672],"delta":0.01608586311340332,"ws":24.959999084472658,"jump":false},{"cf":[-922.607421875,178.4236602783203,874.9970092773438,0.2756328582763672,2.1039263664590637e-9,-0.9612630009651184,3.0911107007369767e-10,1,2.2773449792623525e-9,0.9612630009651184,-9.248481425139232e-10,0.2756328582763672],"delta":0.01669478416442871,"ws":24.959999084472658,"jump":false},{"cf":[-922.3074951171875,178.6691131591797,874.9109497070313,0.2756325304508209,1.3126646436489864e-8,-0.9612630605697632,5.716424666957209e-9,1,1.529475035511041e-8,0.9612630605697632,-9.71071845157212e-9,0.2756325304508209],"delta":0.01617288589477539,"ws":24.959999084472658,"jump":false},{"cf":[-921.8076171875,179.01007080078126,874.7675170898438,0.2756330668926239,3.1482173312724629e-8,-0.9612629413604736,1.472089472542848e-8,1,3.697192241247649e-8,0.9612629413604736,-2.434133428153018e-8,0.2756330668926239],"delta":0.01665806770324707,"ws":24.959999084472658,"jump":false},{"cf":[-921.5076904296875,179.17376708984376,874.6814575195313,0.2756325304508209,4.2486117735052179e-8,-0.9612630605697632,2.011895361420102e-8,1,4.996713087734861e-8,0.9612630605697632,-3.311217611212669e-8,0.2756325304508209],"delta":0.016511917114257814,"ws":24.959999084472658,"jump":false},{"cf":[-921.1077880859375,179.34434509277345,874.5667114257813,0.27563273906707766,5.714707285164877e-8,-0.9612630009651184,2.7310974815009105e-8,1,6.728114243514938e-8,0.9612630009651184,-4.4797914711125489e-8,0.27563273906707766],"delta":0.016185283660888673,"ws":24.959999084472658,"jump":false},{"cf":[-920.60791015625,179.48092651367188,874.42333984375,0.2856305241584778,7.885054742473585e-8,-0.9583398103713989,3.785705970926756e-8,1,9.35614679065111e-8,0.9583398103713989,-6.30039380666858e-8,0.2856305241584778],"delta":0.017944812774658204,"ws":24.959999084472658,"jump":false},{"cf":[-920.209228515625,179.52886962890626,874.3046875,0.29689300060272219,1.0624710711226726e-7,-0.9549107551574707,5.056080354393089e-8,1,1.2698386342435698e-7,0.9549107551574707,-8.59816751130893e-8,0.29689300060272219],"delta":0.015910625457763673,"ws":24.959999084472658,"jump":false},{"cf":[-919.9111938476563,179.52906799316407,874.2122802734375,0.29795148968696597,1.0499299207822333e-7,-0.9545810222625732,4.946447518250352e-8,1,1.254278174656065e-7,0.9545810222625732,-8.458925293552966e-8,0.29795148968696597],"delta":0.016608715057373048,"ws":24.959999084472658,"jump":false},{"cf":[-919.4149780273438,179.46127319335938,874.0573120117188,0.30819886922836306,8.458693656621108e-8,-0.9513219594955444,3.9778356608621837e-8,1,1.0180210807675394e-7,0.9513219594955444,-6.921731454667679e-8,0.30819886922836306],"delta":0.016929149627685548,"ws":24.959999084472658,"jump":false},{"cf":[-919.019287109375,179.34571838378907,873.92919921875,0.30924496054649355,7.53478488491055e-8,-0.950982391834259,3.4726742370594368e-8,1,9.052419613908569e-8,0.950982391834259,-6.101867455754473e-8,0.30924496054649355],"delta":0.017447471618652345,"ws":24.959999084472658,"jump":false},{"cf":[-918.623779296875,179.17567443847657,873.80029296875,0.31985554099082949,6.815472630705699e-8,-0.9474663138389587,3.1049243176539679e-8,1,8.241558902000179e-8,0.9474663138389587,-5.577919637289597e-8,0.31985554099082949],"delta":0.01686835289001465,"ws":24.959999084472658,"jump":false},{"cf":[-918.2295532226563,178.9511260986328,873.66748046875,0.3307207524776459,6.973847632707475e-8,-0.9437286853790283,3.133635573249194e-8,1,8.487827329872744e-8,0.9437286853790283,-5.764402288832571e-8,0.3307207524776459],"delta":0.016107797622680665,"ws":24.959999084472658,"jump":false},{"cf":[-917.9349975585938,178.7469482421875,873.5645141601563,0.33175191283226015,7.602313445431719e-8,-0.9433666467666626,3.35602798884338e-8,1,9.238912213049844e-8,0.9433666467666626,-6.230991544953213e-8,0.33175191283226015],"delta":0.016820430755615236,"ws":24.959999084472658,"jump":false},{"cf":[-917.444580078125,178.33853149414063,873.3917846679688,0.34187638759613039,9.0824890719432e-8,-0.9397449493408203,3.944250082099643e-8,1,1.1099751873189234e-7,0.9397449493408203,-7.501331822368229e-8,0.34187638759613039],"delta":0.016336679458618165,"ws":24.959999084472658,"jump":false},{"cf":[-917.1513061523438,178.0526123046875,873.2853393554688,0.3429505527019501,1.0460450994287385e-7,-0.9393534660339356,4.49663346557827e-8,1,1.277748395978051e-7,0.9393534660339356,-8.60597353380399e-8,0.3429505527019501],"delta":0.016362428665161134,"ws":24.959999084472658,"jump":false},{"cf":[-916.7606811523438,177.62368774414063,873.1425170898438,0.34325793385505679,1.2348145617124829e-7,-0.9392411708831787,5.2446495146796227e-8,1,1.5063663738601464e-7,0.9392411708831787,-1.0096712799168017e-7,0.34325793385505679],"delta":0.017213106155395509,"ws":24.959999084472658,"jump":false},{"cf":[-916.3700561523438,177.1402587890625,872.9996948242188,0.35342171788215639,1.1606157102050929e-7,-0.935464084148407,4.9339941909920529e-8,1,1.4270925419168635e-7,0.935464084148407,-9.659229505132316e-8,0.35342171788215639],"delta":0.015981435775756837,"ws":24.959999084472658,"jump":false},{"cf":[-915.9808349609375,176.6023406982422,872.8529052734375,0.3540482223033905,8.681689678269322e-8,-0.9352271556854248,3.666139036795357e-8,1,1.0670861882999816e-7,0.9352271556854248,-7.206672592019459e-8,0.3540482223033905],"delta":0.016753435134887697,"ws":24.959999084472658,"jump":false},{"cf":[-915.5919189453125,176.00991821289063,872.7054443359375,0.35440701246261599,5.7940241049436739e-8,-0.9350912570953369,2.4074436666410294e-8,1,7.108652511078617e-8,0.9350912570953369,-4.770535966258649e-8,0.35440701246261599],"delta":0.016328811645507814,"ws":24.959999084472658,"jump":false},{"cf":[-915.1057739257813,175.1927490234375,872.5211181640625,0.3544484078884125,2.1920019577237327e-8,-0.935075581073761,8.35381364083787e-9,1,2.66085606881461e-8,0.935075581073761,-1.7242809846607089e-8,0.3544484078884125],"delta":0.017723560333251954,"ws":24.959999084472658,"jump":false},{"cf":[-914.8140869140625,174.66156005859376,872.4105224609375,0.35445353388786318,3.276914573024925e-10,-0.9350736141204834,-1.0705738517913233e-9,1,-5.537237335317968e-11,0.9350736141204834,1.0206923084510323e-9,0.35445353388786318],"delta":0.01626420021057129,"ws":24.959999084472658,"jump":false},{"cf":[-914.4251708984375,173.9056396484375,872.2630615234375,0.35445356369018557,-2.8440434007848127e-8,-0.9350736141204834,-1.3627035500007878e-8,1,-3.558071171028132e-8,0.9350736141204834,2.5353990906751279e-8,0.35445356369018557],"delta":0.016978979110717775,"ws":24.959999084472658,"jump":false},{"cf":[-914.0362548828125,173.09521484375,872.1156005859375,0.34334540367126467,-5.748250231363272e-8,-0.9392092227935791,-2.6592601898300928e-8,1,-7.092450715617815e-8,0.9392092227935791,4.9327621098882449e-8,0.34334540367126467],"delta":0.015876293182373048,"ws":24.959999084472658,"jump":false},{"cf":[-913.5481567382813,172.11825561523438,871.9364013671875,0.3321607708930969,-8.042227506166455e-8,-0.9432227611541748,-3.7057763080383668e-8,1,-9.831337166588128e-8,0.9432227611541748,6.760957660389977e-8,0.3321607708930969],"delta":0.017802000045776368,"ws":24.959999084472658,"jump":false},{"cf":[-913.156005859375,172.10426330566407,871.7975463867188,0.3096892535686493,-5.6572055484593878e-8,-0.9508377909660339,-2.4698282530266625e-8,1,-6.754132897413001e-8,0.9508377909660339,4.4400884746664818e-8,0.3096892535686493],"delta":0.015835046768188478,"ws":24.959999084472658,"jump":false},{"cf":[-912.8617553710938,172.75845336914063,871.6939086914063,0.2870361804962158,-3.85504179689633e-8,-0.957919716835022,-1.489090006856486e-8,1,-4.470587811056248e-8,0.957919716835022,2.70964921611494e-8,0.2870361804962158],"delta":0.017201900482177736,"ws":24.959999084472658,"jump":true},{"cf":[-912.3648071289063,173.78065490722657,871.5408325195313,0.2770501375198364,-3.172841323006992e-9,-0.9608554840087891,3.5906524420425969e-9,1,-2.2667825394506737e-9,0.9608554840087891,-2.822085676257302e-9,0.2770501375198364],"delta":0.0164792537689209,"ws":24.959999084472658,"jump":false},{"cf":[-912.0650634765625,174.3531036376953,871.4541015625,0.2760397493839264,2.2749246042508277e-8,-0.9611462354660034,1.65956706155157e-8,1,2.843512270089832e-8,0.9611462354660034,-2.38000907870628e-8,0.2760397493839264],"delta":0.016584396362304689,"ws":24.959999084472658,"jump":false},{"cf":[-911.565185546875,175.2390594482422,871.3106689453125,0.27573826909065249,6.64262387317649e-8,-0.9612327814102173,3.848365537351128e-8,1,8.014463759309365e-8,0.9612327814102173,-5.909069500376063e-8,0.27573826909065249],"delta":0.01669931411743164,"ws":24.959999084472658,"jump":false},{"cf":[-911.165283203125,175.88650512695313,871.1959228515625,0.2756524980068207,1.0134185401966534e-7,-0.9612573385238648,5.5987122493661448e-8,1,1.2148134942435718e-7,0.9612573385238648,-8.730467015993782e-8,0.2756524980068207],"delta":0.016171932220458986,"ws":24.959999084472658,"jump":false},{"cf":[-910.8653564453125,176.33633422851563,871.10986328125,0.27564743161201479,1.1356024032238565e-7,-0.9612588286399841,6.166419552755542e-8,1,1.358196328737904e-7,0.9612588286399841,-9.671358469631741e-8,0.27564743161201479],"delta":0.0164947509765625,"ws":24.959999084472658,"jump":false},{"cf":[-910.4654541015625,176.88841247558595,870.9951171875,0.27564671635627749,9.266774014804469e-8,-0.9612590074539185,4.9393261036811967e-8,1,1.1056627613470482e-7,0.9612590074539185,-7.795694756396188e-8,0.27564671635627749],"delta":0.016034841537475587,"ws":24.959999084472658,"jump":false},{"cf":[-909.965576171875,177.50186157226563,870.8516845703125,0.27564647793769839,6.657714379798563e-8,-0.9612590670585632,3.406932691518705e-8,1,7.902992393837849e-8,0.9612590670585632,-5.453377127651038e-8,0.27564647793769839],"delta":0.017438650131225587,"ws":24.959999084472658,"jump":false},{"cf":[-909.565673828125,177.9313201904297,870.7369384765625,0.2756466865539551,4.572471823394153e-8,-0.9612590074539185,2.182194691613404e-8,1,5.3825104373572688e-8,0.9612590074539185,-3.581325458412721e-8,0.2756466865539551],"delta":0.018126726150512697,"ws":24.959999084472658,"jump":false},{"cf":[-909.165771484375,178.3062744140625,870.6221923828125,0.2756466567516327,2.4890141503419728e-8,-0.9612590074539185,9.585011007118283e-9,1,2.8641830240871969e-8,0.9612590074539185,-1.7108703787016567e-8,0.2756466567516327],"delta":0.015308380126953125,"ws":24.959999084472658,"jump":false},{"cf":[-908.8658447265625,178.55172729492188,870.5361328125,0.27564680576324465,9.275898271710048e-9,-0.9612590074539185,4.1415967877433959e-10,1,9.768501563200971e-9,0.9612590074539185,-3.090770972491441e-9,0.27564680576324465],"delta":0.016722917556762697,"ws":24.959999084472658,"jump":false},{"cf":[-908.4659423828125,178.831298828125,870.42138671875,0.2756465971469879,-1.1527521159848675e-8,-0.9612590670585632,-1.1804529798098429e-8,1,-1.5377123574467079e-8,0.9612590670585632,1.5585863266665e-8,0.2756465971469879],"delta":0.016279220581054689,"ws":24.959999084472658,"jump":false},{"cf":[-908.0660400390625,179.05638122558595,870.306640625,0.2756466567516327,-3.231315659490974e-8,-0.9612590074539185,-2.401280774222414e-8,1,-4.050126634069784e-8,0.9612590074539185,3.4246568247908729e-8,0.2756466567516327],"delta":0.01691269874572754,"ws":24.959999084472658,"jump":false},{"cf":[-907.6661376953125,179.22695922851563,870.19189453125,0.2756465971469879,-5.308102402068471e-8,-0.9612590670585632,-3.6210678899806228e-8,1,-6.560393472909709e-8,0.9612590670585632,5.289134108465987e-8,0.2756465971469879],"delta":0.016948938369750978,"ws":24.959999084472658,"jump":false},{"cf":[-907.2662353515625,179.34303283691407,870.0771484375,0.2756466567516327,-7.383113853620671e-8,-0.9612590074539185,-4.83981530408073e-8,1,-9.068515538501743e-8,0.9612590074539185,7.152021908041206e-8,0.2756466567516327],"delta":0.01732611656188965,"ws":24.959999084472658,"jump":false},{"cf":[-906.766357421875,179.41148376464845,869.9337158203125,0.2756463885307312,-9.974385051236823e-8,-0.961259126663208,-6.361788962294668e-8,1,-1.220065399820669e-7,0.961259126663208,9.478393536710428e-8,0.2756463885307312],"delta":0.016663074493408204,"ws":24.959999084472658,"jump":false},{"cf":[-906.366455078125,179.40493774414063,869.8189697265625,0.2756466865539551,-1.2045404673699523e-7,-0.9612590074539185,-7.578199756608228e-8,1,-1.4703955741879327e-7,0.9612590074539185,1.1337709793224349e-7,0.2756466865539551],"delta":0.01571178436279297,"ws":24.959999084472658,"jump":false},{"cf":[-905.966552734375,179.34388732910157,869.7042236328125,0.2756466567516327,-1.0197058486483002e-7,-0.9612590074539185,-6.361527482567908e-8,1,-1.2432229823389208e-7,0.9612590074539185,9.541978585048128e-8,0.2756466567516327],"delta":0.016588687896728517,"ws":24.959999084472658,"jump":false},{"cf":[-905.566650390625,179.22833251953126,869.5894775390625,0.2756465971469879,-7.044985039783569e-8,-0.9612590670585632,-4.3355566248237667e-8,1,-8.572160226094639e-8,0.9612590670585632,6.530479623734209e-8,0.2756465971469879],"delta":0.01853156089782715,"ws":24.959999084472658,"jump":false},{"cf":[-905.166748046875,179.05828857421876,869.4747314453125,0.2756466567516327,-3.8956027736958279e-8,-0.9612590074539185,-2.31131185302047e-8,1,-4.715386836551261e-8,0.9612590074539185,3.521549984952799e-8,0.2756466567516327],"delta":0.015167236328125,"ws":24.959999084472658,"jump":false},{"cf":[-904.766845703125,178.833740234375,869.3599853515625,0.27564263343811037,-7.489295406060137e-9,-0.961260199546814,-2.8877478186473128e-9,1,-8.619188029967973e-9,0.961260199546814,5.151692406002439e-9,0.27564263343811037],"delta":0.016710758209228517,"ws":24.959999084472658,"jump":false},{"cf":[-904.366943359375,178.5546875,869.2452392578125,0.27564576268196108,2.3950713412546066e-8,-0.9612593054771423,1.7320246570307064e-8,1,2.9882642138545637e-8,0.9612593054771423,-2.4886272598223514e-8,0.27564576268196108],"delta":0.016335725784301759,"ws":24.959999084472658,"jump":false},{"cf":[-903.967041015625,178.2211456298828,869.1304931640625,0.2756446897983551,5.5363866380275797e-8,-0.9612596035003662,3.751106092408918e-8,1,6.835156085571725e-8,0.9612596035003662,-5.489861365504112e-8,0.2756446897983551],"delta":0.01762533187866211,"ws":24.959999084472658,"jump":false},{"cf":[-903.567138671875,177.83309936523438,869.0158081054688,0.28597691655158999,8.827011299672449e-8,-0.9582365155220032,5.8276587111549819e-8,1,1.0950936513154375e-7,0.9582365155220032,-8.715990418295405e-8,0.28597691655158999],"delta":0.016654253005981447,"ws":24.959999084472658,"jump":false},{"cf":[-903.26806640625,177.5063018798828,868.9269409179688,0.28666090965270998,1.0335107702985624e-7,-0.9580321311950684,6.682099495947114e-8,1,1.2787258185653628e-7,0.9580321311950684,-1.0067272881997269e-7,0.28666090965270998],"delta":0.015715599060058595,"ws":24.959999084472658,"jump":false},{"cf":[-902.86962890625,177.0228729248047,868.8075561523438,0.28693872690200808,8.852394728364743e-8,-0.9579489231109619,5.594230501060338e-8,1,1.091665282615395e-7,0.9579489231109619,-8.491397807119938e-8,0.28693872690200808],"delta":0.015980005264282228,"ws":24.959999084472658,"jump":false},{"cf":[-902.47119140625,176.48495483398438,868.688232421875,0.2973274886608124,7.49376027897597e-8,-0.9547755718231201,4.6350514537607526e-8,1,9.292119784731767e-8,0.9547755718231201,-7.188236850197427e-8,0.2973274886608124],"delta":0.01748037338256836,"ws":24.959999084472658,"jump":false},{"cf":[-902.0739135742188,175.8925323486328,868.5648193359375,0.29795747995376589,6.678410358063047e-8,-0.9545791745185852,3.864342446036062e-8,1,8.202378865007631e-8,0.9545791745185852,-6.132780328016452e-8,0.29795747995376589],"delta":0.015793323516845704,"ws":24.959999084472658,"jump":false},{"cf":[-901.6769409179688,175.24560546875,868.4407958984375,0.29832392930984499,5.897062038684453e-8,-0.9544646739959717,3.10334691278058e-8,1,7.148367586751192e-8,0.9544646739959717,-5.0945644147759597e-8,0.29832392930984499],"delta":0.01759028434753418,"ws":24.959999084472658,"jump":false},{"cf":[-901.1807250976563,174.3603057861328,868.2857666015625,0.3082895576953888,5.2539046890842658e-8,-0.9512925744056702,2.3486304456810104e-8,1,6.284042797233269e-8,0.9512925744056702,-4.1715395582286877e-8,0.3082895576953888],"delta":0.016651153564453126,"ws":24.959999084472658,"jump":false},{"cf":[-900.7850341796875,173.59075927734376,868.1576538085938,0.30924463272094729,5.3822443391027267e-8,-0.9509825110435486,2.0030968883588686e-8,1,6.311042710649417e-8,0.9509825110435486,-3.8565662663359038e-8,0.30924463272094729],"delta":0.017623186111450197,"ws":24.959999084472658,"jump":false},{"cf":[-900.3895263671875,172.76670837402345,868.0287475585938,0.3096417784690857,5.54575620981268e-8,-0.9508532881736755,1.6688948889509448e-8,1,6.37586907714649e-8,0.9508532881736755,-3.561109451766242e-8,0.3096417784690857],"delta":0.016657114028930665,"ws":24.959999084472658,"jump":false},{"cf":[-900.0928955078125,172.21864318847657,867.9320678710938,0.30968502163887026,5.669784997053284e-8,-0.9508392214775086,1.4183516583443634e-8,1,6.424879472888279e-8,0.9508392214775086,-3.338313092626777e-8,0.30968502163887026],"delta":0.01557016372680664,"ws":24.959999084472658,"jump":false},{"cf":[-899