[{"cf":[-953.1211547851563,173.0307159423828,881.459228515625,0.030018744990229608,-2.493858630714385e-8,-0.9995493292808533,-7.888736064387558e-8,1,-2.7318998618852676e-8,0.9995493292808533,7.967189219471038e-8,0.030018744990229608],"delta":0.014890909194946289,"ws":24.959999084472658,"jump":false},{"cf":[-953.1211547851563,173.0307159423828,881.459228515625,0.030018744990229608,-3.3024548429239078e-8,-0.9995493292808533,-1.0448946596852693e-7,1,-3.617749300133255e-8,0.9995493292808533,1.055283789241912e-7,0.030018744990229608],"delta":0.017740964889526368,"ws":24.959999084472658,"jump":false},{"cf":[-953.1211547851563,173.0307159423828,881.459228515625,0.030018744990229608,-2.1958438622959876e-8,-0.9995493292808533,-6.948668129780344e-8,1,-2.4055180958271195e-8,0.9995493292808533,7.017747094550941e-8,0.030018744990229608],"delta":0.01654648780822754,"ws":24.959999084472658,"jump":false},{"cf":[-953.1211547851563,173.0307159423828,881.459228515625,0.030018744990229608,-1.0901784364136802e-8,-0.9995493292808533,-3.4513792712687066e-8,1,-1.19432277401188e-8,0.9995493292808533,3.485676103309743e-8,0.030018744990229608],"delta":0.01637887954711914,"ws":24.959999084472658,"jump":false},{"cf":[-953.0344848632813,173.0307159423828,881.4566040039063,0.06557980179786682,1.3930987474708446e-9,-0.997847318649292,-2.3678829730311436e-11,1,1.3945478105625853e-9,0.997847318649292,-6.782631400970019e-11,0.06557980179786682],"delta":0.016665220260620118,"ws":24.959999084472658,"jump":false},{"cf":[-952.8092651367188,173.0307159423828,881.4451904296875,0.10105845332145691,1.242757630137703e-8,-0.9948804974555969,3.394077907614701e-8,1,1.593917886566487e-8,0.9948804974555969,-3.537780557394399e-8,0.10105845332145691],"delta":0.016063451766967775,"ws":24.959999084472658,"jump":false},{"cf":[-952.4500732421875,173.0307159423828,881.4136962890625,0.1364143192768097,2.2188515913512675e-8,-0.9906518459320068,6.733733926012064e-8,1,3.167034989814965e-8,0.9906518459320068,-7.102815402504348e-8,0.1364143192768097],"delta":0.017518997192382814,"ws":24.959999084472658,"jump":false},{"cf":[-952.1425170898438,173.0307159423828,881.37353515625,0.14815571904182435,2.9609497076421577e-8,-0.9889640212059021,9.222443964063132e-8,1,4.375596418526584e-8,0.9889640212059021,-9.768935171905469e-8,0.14815571904182435],"delta":0.015486001968383789,"ws":24.959999084472658,"jump":false},{"cf":[-951.6282958984375,173.0307159423828,881.29736328125,0.15988144278526307,2.246042640763335e-8,-0.9871362447738648,7.086742215278719e-8,1,3.423115302325641e-8,0.9871362447738648,-7.542872282328972e-8,0.15988144278526307],"delta":0.017572402954101564,"ws":24.959999084472658,"jump":false},{"cf":[-951.3202514648438,173.0001983642578,881.2481689453125,0.15988144278526307,1.5909169093220045e-8,-0.9871362447738648,4.868340397479187e-8,1,2.400149234915716e-8,0.9871362447738648,-5.189454554965778e-8,0.15988144278526307],"delta":0.015673398971557618,"ws":24.959999084472658,"jump":false},{"cf":[-950.8069458007813,172.86965942382813,881.1651611328125,0.17159239947795869,4.382371798783424e-9,-0.9851680397987366,1.1946498901238556e-8,1,6.529140339495143e-9,0.9851680397987366,-1.2889660006010218e-8,0.17159239947795869],"delta":0.01824808120727539,"ws":24.959999084472658,"jump":false},{"cf":[-950.4994506835938,172.75045776367188,881.1123046875,0.1949215978384018,-2.464791482026385e-9,-0.9808188080787659,-9.822080926369381e-9,1,-4.4649706154586969e-9,0.9808188080787659,1.0504001224376225e-8,0.1949215978384018],"delta":0.015427827835083008,"ws":24.959999084472658,"jump":false},{"cf":[-949.9891967773438,172.5100555419922,881.012451171875,0.21815010905265809,-1.310553798816727e-8,-0.975915253162384,-4.562724598144996e-8,1,-2.3628206946568754e-8,0.975915253162384,4.968281785977524e-8,0.21815010905265809],"delta":0.01703476905822754,"ws":24.959999084472658,"jump":false},{"cf":[-949.5829467773438,172.3742218017578,880.923095703125,0.2527517080307007,-2.0032924652468865e-8,-0.9675312042236328,-7.368054610878971e-8,1,-3.99530364347811e-8,0.9675312042236328,8.138642471067215e-8,0.2527517080307007],"delta":0.01605057716369629,"ws":24.959999084472658,"jump":false},{"cf":[-949.2805786132813,172.3510284423828,880.8463134765625,0.2756369411945343,-2.461956682964228e-8,-0.9612618088722229,-9.440861248322108e-8,1,-5.2682910478552e-8,0.9612618088722229,1.0527275406957415e-7,0.2756369411945343],"delta":0.016777753829956056,"ws":24.959999084472658,"jump":false},{"cf":[-948.7802734375,172.3608856201172,880.7045288085938,0.2756369411945343,-1.8840880855464094e-8,-0.9612618088722229,-6.818430620114668e-8,1,-3.9151657915681429e-8,0.9612618088722229,7.633461507339234e-8,0.2756369411945343],"delta":0.01609516143798828,"ws":24.959999084472658,"jump":false},{"cf":[-948.38037109375,172.36949157714845,880.5897827148438,0.2756369411945343,-1.0895477409178511e-8,-0.9612618088722229,-3.508187873535462e-8,1,-2.139410781865081e-8,0.9612618088722229,3.96198771568379e-8,0.2756369411945343],"delta":0.01865553855895996,"ws":24.959999084472658,"jump":false},{"cf":[-947.98046875,172.37472534179688,880.4750366210938,0.287029504776001,-2.4857336189398895e-9,-0.9579217433929443,-2.2206931848955948e-9,1,-3.260326897347454e-9,0.9579217433929443,3.063060249886007e-9,0.287029504776001],"delta":0.01636028289794922,"ws":24.959999084472658,"jump":false},{"cf":[-947.581787109375,172.37765502929688,880.3563232421875,0.2870296239852905,5.446091133620712e-9,-0.9579216837882996,3.0612401502594369e-8,1,1.4857954866442924e-8,0.9579216837882996,-3.3588957393249078e-8,0.2870296239852905],"delta":0.01595282554626465,"ws":24.959999084472658,"jump":false},{"cf":[-947.282958984375,172.3789520263672,880.2667846679688,0.2870308756828308,1.1390464571547909e-8,-0.9579213261604309,5.521878421177462e-8,1,2.8436531351871964e-8,0.9579213261604309,-6.105741334749837e-8,0.2870308756828308],"delta":0.016669273376464845,"ws":24.959999084472658,"jump":false},{"cf":[-946.884521484375,172.37997436523438,880.1473999023438,0.2870308756828308,1.931042525882276e-8,-0.9579213261604309,8.800274997611268e-8,1,4.652775942304288e-8,0.9579213261604309,-9.765461328470337e-8,0.2870308756828308],"delta":0.016964197158813478,"ws":24.959999084472658,"jump":false},{"cf":[-946.486083984375,172.38052368164063,880.0280151367188,0.2983759343624115,1.9042184717932288e-8,-0.954448401927948,8.842083332183393e-8,1,4.7592759955250588e-8,0.954448401927948,-9.859365945885657e-8,0.2983759343624115],"delta":0.016281604766845704,"ws":24.959999084472658,"jump":false},{"cf":[-945.9895629882813,172.38087463378907,879.8735961914063,0.2983759343624115,1.1383667342101944e-8,-0.954448401927948,4.8813003417080839e-8,1,2.7186690232383627e-8,0.954448401927948,-5.470134922802572e-8,0.2983759343624115],"delta":0.016935348510742189,"ws":24.959999084472658,"jump":false},{"cf":[-945.5925903320313,172.3810272216797,879.7495727539063,0.2983759343624115,5.262748015155694e-9,-0.954448401927948,1.715720365780271e-8,1,1.087753354056531e-8,0.954448401927948,-1.9621261060365215e-8,0.2983759343624115],"delta":0.017515897750854493,"ws":24.959999084472658,"jump":false},{"cf":[-945.1956176757813,172.381103515625,879.6255493164063,0.2983759343624115,-8.529384420974395e-10,-0.954448401927948,-1.4471541298632929e-8,1,-5.4176823027773939e-9,0.954448401927948,1.5428845756559896e-8,0.2983759343624115],"delta":0.01585531234741211,"ws":24.959999084472658,"jump":false},{"cf":[-944.7986450195313,172.3811492919922,879.5015258789063,0.2983759343624115,-6.963395637882286e-9,-0.954448401927948,-4.6073257209400256e-8,1,-2.169896973214236e-8,0.954448401927948,5.0448999644459039e-8,0.2983759343624115],"delta":0.017130136489868165,"ws":24.959999084472658,"jump":false},{"cf":[-944.5009155273438,172.3811492919922,879.4085083007813,0.2983759343624115,-1.1542809374986973e-8,-0.954448401927948,-6.975682254051208e-8,1,-3.390080038911947e-8,0.954448401927948,7.669446944191805e-8,0.2983759343624115],"delta":0.015265464782714844,"ws":24.959999084472658,"jump":false},{"cf":[-944.0046997070313,172.3811492919922,879.2534790039063,0.2983759343624115,-1.6389039458886147e-8,-0.954448401927948,-9.359768426975279e-8,1,-4.643135653736863e-8,0.954448401927948,1.0318816379140117e-7,0.2983759343624115],"delta":0.016727447509765626,"ws":24.959999084472658,"jump":false},{"cf":[-943.6077270507813,173.25680541992188,879.1294555664063,0.2983759343624115,-1.1371376729130134e-8,-0.954448401927948,-6.275975295011449e-8,1,-3.153379068976392e-8,0.954448401927948,6.93098698434369e-8,0.2983759343624115],"delta":0.017682552337646486,"ws":24.959999084472658,"jump":true},{"cf":[-943.2107543945313,174.0813751220703,879.0054321289063,0.2983761429786682,-6.358003012962854e-9,-0.9544483423233032,-3.194816855511817e-8,1,-1.6648961320697709e-8,0.9544483423233032,3.546053051195486e-8,0.2983761429786682],"delta":0.0168609619140625,"ws":24.959999084472658,"jump":false},{"cf":[-942.8137817382813,174.85145568847657,878.8814086914063,0.2983761429786682,-1.348922862298707e-9,-0.9544483423233032,-1.1629092133702557e-9,1,-1.7768453375310856e-9,0.9544483423233032,1.6401050517700356e-9,0.2983761429786682],"delta":0.016473770141601564,"ws":24.959999084472658,"jump":false},{"cf":[-942.4168090820313,175.56703186035157,878.7573852539063,0.3086487352848053,5.812086811829431e-9,-0.951176106929779,3.0368141779035798e-8,1,1.5964630506459799e-8,0.951176106929779,-3.38129133581333e-8,0.3086487352848053],"delta":0.01618027687072754,"ws":24.959999084472658,"jump":false},{"cf":[-942.0211181640625,176.2281036376953,878.6292724609375,0.3092762231826782,1.7314937039714097e-8,-0.9509722590446472,6.379563899372443e-8,1,3.89553029833678e-8,0.9509722590446472,-7.271582802559351e-8,0.3092762231826782],"delta":0.01694345474243164,"ws":24.959999084472658,"jump":false},{"cf":[-941.6256103515625,176.83468627929688,878.5003662109375,0.30963990092277529,2.9092690922993826e-8,-0.9508538842201233,9.730290173592948e-8,1,6.228249560535915e-8,0.9508538842201233,-1.118059884674949e-7,0.30963990092277529],"delta":0.016071081161499025,"ws":24.959999084472658,"jump":false},{"cf":[-941.3289794921875,177.2538604736328,878.4036865234375,0.3096826374530792,3.794023228920196e-8,-0.9508399963378906,1.2241389413247817e-7,1,7.977124738545172e-8,0.9508399963378906,-1.4109978963006143e-7,0.3096826374530792],"delta":0.0165860652923584,"ws":24.959999084472658,"jump":false},{"cf":[-940.9334716796875,177.7650604248047,878.2747802734375,0.3096863925457001,3.540249338129797e-8,-0.9508387446403503,1.1136356192764652e-7,1,7.350380570869675e-8,0.9508387446403503,-1.2865191933997267e-7,0.3096863925457001],"delta":0.01674938201904297,"ws":24.959999084472658,"jump":false},{"cf":[-940.4390869140625,178.32742309570313,878.1136474609375,0.3096872568130493,2.6265475128184336e-8,-0.9508385062217712,7.902948340188232e-8,1,5.336331909688852e-8,0.9508385062217712,-9.167020920131108e-8,0.3096872568130493],"delta":0.01727771759033203,"ws":24.959999084472658,"jump":false},{"cf":[-940.1424560546875,178.62396240234376,878.0169677734375,0.3096875846385956,2.0788009535976927e-8,-0.9508383870124817,5.964558624782512e-8,1,4.1289357710638799e-8,0.9508383870124817,-6.950011766093667e-8,0.3096875846385956],"delta":0.016456127166748048,"ws":24.959999084472658,"jump":false},{"cf":[-939.7469482421875,178.97166442871095,877.8880615234375,0.30968743562698367,1.3490244477054603e-8,-0.9508384466171265,3.381969193583245e-8,1,2.520278741258153e-8,0.9508384466171265,-3.9962049669384217e-8,0.30968743562698367],"delta":0.016516447067260743,"ws":24.959999084472658,"jump":false},{"cf":[-939.3514404296875,179.26486206054688,877.7591552734375,0.3096875250339508,6.198713098370945e-9,-0.9508383870124817,8.015833330432543e-9,1,9.1299607873907e-9,0.9508383870124817,-1.0449197063167049e-8,0.3096875250339508],"delta":0.01605367660522461,"ws":24.959999084472658,"jump":false},{"cf":[-938.8570556640625,179.5547332763672,877.5980224609375,0.30968737602233889,-2.9069180396135154e-9,-0.9508384466171265,-2.4208029358874229e-8,1,-1.0941752393023308e-8,0.9508384466171265,2.640644680695914e-8,0.30968737602233889],"delta":0.017473220825195314,"ws":24.959999084472658,"jump":false},{"cf":[-938.4615478515625,179.72531127929688,877.4691162109375,0.30968746542930605,-1.0184401766366591e-8,-0.9508383870124817,-4.996236668830534e-8,1,-2.6983681067349609e-8,0.9508383870124817,5.586264606449731e-8,0.30968746542930605],"delta":0.0171663761138916,"ws":24.959999084472658,"jump":false},{"cf":[-938.1649169921875,179.81747436523438,877.3724365234375,0.3096875548362732,-1.5638418560115498e-8,-0.9508383870124817,-6.926369167103985e-8,1,-3.900612810525672e-8,0.9508383870124817,7.793828871172082e-8,0.3096875548362732],"delta":0.015321493148803711,"ws":24.959999084472658,"jump":false},{"cf":[-937.6705322265625,179.9029541015625,877.2113037109375,0.30968740582466128,-2.472069127179566e-8,-0.9508384466171265,-1.0140512785028477e-7,1,-5.902641575517009e-8,0.9508384466171265,1.1469963112631376e-7,0.30968740582466128],"delta":0.01866888999938965,"ws":24.959999084472658,"jump":false},{"cf":[-937.2750244140625,179.9100341796875,877.0823974609375,0.3096874952316284,-3.197948927891048e-8,-0.9508383870124817,-1.2709358543361305e-7,1,-7.502723775587583e-8,0.9508383870124817,1.4408045956315619e-7,0.3096874952316284],"delta":0.01589488983154297,"ws":24.959999084472658,"jump":false},{"cf":[-936.9783935546875,179.87957763671876,876.9857177734375,0.3096875846385956,-3.7419496834445457e-8,-0.9508383870124817,-1.4634554190706695e-7,1,-8.70188898716151e-8,0.9508383870124817,1.660996247210278e-7,0.3096875846385956],"delta":0.015340328216552735,"ws":24.959999084472658,"jump":false},{"cf":[-936.5828857421875,179.79127502441407,876.8568115234375,0.30968743562698367,-2.8658106998591394e-8,-0.9508384466171265,-1.1050765635900462e-7,1,-6.613209535544229e-8,0.9508384466171265,1.2555520356727357e-7,0.30968743562698367],"delta":0.0173342227935791,"ws":24.959999084472658,"jump":false},{"cf":[-936.0885009765625,179.60426330566407,876.6956787109375,0.30968740582466128,-1.7716882183549388e-8,-0.9508384466171265,-6.575329081215387e-8,1,-4.004870390872384e-8,0.9508384466171265,7.492333509162563e-8,0.30968740582466128],"delta":0.017896652221679689,"ws":24.959999084472658,"jump":false},{"cf":[-935.6929931640625,179.39334106445313,876.5667724609375,0.3096874952316284,-8.972329545997582e-9,-0.9508383870124817,-2.9984168037344719e-8,1,-1.920205505712147e-8,0.9508383870124817,3.445673613100553e-8,0.3096874952316284],"delta":0.0160977840423584,"ws":24.959999084472658,"jump":false},{"cf":[-935.2974853515625,179.12791442871095,876.4378662109375,0.30968746542930605,-2.3527488290930878e-10,-0.9508383870124817,5.754431597893017e-9,1,1.626775270047176e-9,0.9508383870124817,-5.975326455853747e-9,0.30968746542930605],"delta":0.017504215240478517,"ws":24.959999084472658,"jump":false},{"cf":[-934.9019775390625,178.80799865722657,876.3089599609375,0.30968743562698367,8.494300374195518e-9,-0.9508384466171265,4.146253473891193e-8,1,2.2437804503283588e-8,0.9508384466171265,-4.637287887021557e-8,0.30968743562698367],"delta":0.015609979629516602,"ws":24.959999084472658,"jump":false},{"cf":[-934.6053466796875,178.53228759765626,876.2122802734375,0.30968764424324038,1.503656399393094e-8,-0.9508383274078369,6.822361342528893e-8,1,3.80344076233996e-8,0.9508383274078369,-7.664841916721343e-8,0.30968764424324038],"delta":0.016028881072998048,"ws":24.959999084472658,"jump":false},{"cf":[-934.1109619140625,178.00465393066407,876.0511474609375,0.30968737602233889,2.5931045755100969e-8,-0.9508384466171265,1.1278736167241732e-7,1,6.400652807769802e-8,0.9508384466171265,-1.270645668682846e-7,0.30968737602233889],"delta":0.016928434371948243,"ws":24.959999084472658,"jump":false},{"cf":[-933.8143310546875,177.64718627929688,875.9544677734375,0.3202427923679352,2.8320128464542905e-8,-0.9473354816436768,1.2469986643282028e-7,1,7.204877050526193e-8,0.9473354816436768,-1.4120570313025383e-7,0.3202427923679352],"delta":0.01621413230895996,"ws":24.959999084472658,"jump":false},{"cf":[-933.3215942382813,176.98330688476563,875.7882690429688,0.3303951919078827,3.111281898782181e-8,-0.9438427090644836,9.89243815752161e-8,1,6.759278647905376e-8,0.9438427090644836,-1.1570138269689778e-7,0.3303951919078827],"delta":0.017609119415283204,"ws":24.959999084472658,"jump":false},{"cf":[-932.928955078125,176.39088439941407,875.6507568359375,0.3317088484764099,4.2019479451482769e-8,-0.9433817863464356,8.158300346394754e-8,1,7.322727668679363e-8,0.9433817863464356,-1.0125405935923482e-7,0.3317088484764099],"delta":0.016065120697021486,"ws":24.959999084472658,"jump":false},{"cf":[-932.6347045898438,175.91079711914063,875.547119140625,0.3425942659378052,5.04721491267901e-8,-0.9394834637641907,6.918636330510708e-8,1,7.895296505466831e-8,0.9394834637641907,-9.204827478015432e-8,0.3425942659378052],"delta":0.01719212532043457,"ws":24.959999084472658,"jump":false},{"cf":[-932.1461181640625,175.0425262451172,875.3692626953125,0.34293970465660097,7.040067373509373e-8,-0.9393573999404907,5.020573112801685e-8,1,9.32746289095121e-8,0.9393573999404907,-7.914869826208815e-8,0.34293970465660097],"delta":0.015757083892822267,"ws":24.959999084472658,"jump":false},{"cf":[-931.8531494140625,174.48069763183595,875.2621459960938,0.34331631660461428,8.250135152820804e-8,-0.9392198324203491,3.8870378915589757e-8,1,1.0204872324948156e-7,0.9392198324203491,-7.154282144483659e-8,0.34331631660461428],"delta":0.016824960708618165,"ws":24.959999084472658,"jump":false},{"cf":[-931.3648681640625,173.47618103027345,875.0836181640625,0.3433343172073364,1.027080784865575e-7,-0.9392132759094238,1.9991464483837264e-8,1,1.1666342913940753e-7,0.9392132759094238,-5.8830806892729018e-8,0.3433343172073364],"delta":0.01761794090270996,"ws":24.959999084472658,"jump":false},{"cf":[-930.9869995117188,172.6112518310547,874.9454345703125,0.34333956241607668,1.1885907014175246e-7,-0.939211368560791,4.902354966418443e-9,1,1.283441122268414e-7,0.939211368560791,-4.866995695351761e-8,0.34333956241607668],"delta":0.01698923110961914,"ws":24,"jump":false},{"cf":[-930.7052001953125,172.22964477539063,874.8423461914063,0.34333983063697817,1.138568563874287e-7,-0.9392112493515015,-4.5149191052473729e-9,1,1.1957556012021087e-7,0.9392112493515015,-3.681458693449713e-8,0.34333983063697817],"delta":0.016403675079345704,"ws":24,"jump":false},{"cf":[-930.3294677734375,173.1053009033203,874.7048950195313,0.34333983063697817,6.159399390526232e-8,-0.9392112493515015,-1.2021041051468729e-8,1,6.118612105865395e-8,0.9392112493515015,-9.717334492620467e-9,0.34333983063697817],"delta":0.016237497329711915,"ws":24,"jump":true},{"cf":[-929.8598022460938,174.12750244140626,874.5330810546875,0.34333929419517519,-3.6718492690823725e-9,-0.9392114281654358,-2.1394662041984703e-8,1,-1.1730561411127383e-8,0.9392114281654358,2.4121673547483625e-8,0.34333929419517519],"delta":0.01737499237060547,"ws":24,"jump":false},{"cf":[-929.5780029296875,174.699951171875,874.4299926757813,0.3433394134044647,-4.279790033479003e-8,-0.9392114281654358,-2.7014039005734959e-8,1,-5.544319847672341e-8,0.9392114281654358,4.4407727273210187e-8,0.3433394134044647],"delta":0.015675067901611329,"ws":24,"jump":false},{"cf":[-929.1083374023438,175.58590698242188,874.2581787109375,0.34333911538124087,-1.0795231730753585e-7,-0.9392114877700806,-3.6371712752725219e-8,1,-1.2823538497741539e-7,0.9392114877700806,7.818895397804227e-8,0.34333911538124087],"delta":0.017073631286621095,"ws":24,"jump":false},{"cf":[-928.8265380859375,176.07659912109376,874.1550903320313,0.3433394432067871,-1.0262679239758654e-7,-0.939211368560791,-3.017384031522852e-8,1,-1.202995036919674e-7,0.939211368560791,6.96431783353546e-8,0.3433394432067871],"delta":0.016101837158203126,"ws":24,"jump":false},{"cf":[-928.4508056640625,176.6831817626953,874.0176391601563,0.34333929419517519,-9.553146185226069e-8,-0.9392114281654358,-2.19161861991779e-8,1,-1.0972625119620716e-7,0.9392114281654358,5.82572674545645e-8,0.34333929419517519],"delta":0.01712179183959961,"ws":24,"jump":false},{"cf":[-927.9811401367188,177.36476135253907,873.8458251953125,0.34333911538124087,-8.66708163016483e-8,-0.9392114877700806,-1.1604021743494286e-8,1,-9.652237764612437e-8,0.9392114877700806,4.403853992585027e-8,0.34333911538124087],"delta":0.01700758934020996,"ws":24,"jump":false},{"cf":[-927.6054077148438,177.8487091064453,873.7083740234375,0.34333929419517519,-7.958910686056697e-8,-0.9392114281654358,-3.3622136186295394e-9,1,-8.596944667260687e-8,0.9392114281654358,3.2674517314035259e-8,0.34333929419517519],"delta":0.016901493072509767,"ws":24,"jump":false},{"cf":[-927.2296752929688,178.27816772460938,873.5709228515625,0.3433392643928528,-7.251345124359432e-8,-0.9392114281654358,4.8725632417756518e-9,1,-7.542551827555144e-8,0.9392114281654358,2.1320172294281293e-8,0.3433392643928528],"delta":0.017302989959716798,"ws":24,"jump":false},{"cf":[-926.9478759765625,178.5644989013672,873.4678344726563,0.34333938360214236,-6.721067080661669e-8,-0.9392114281654358,1.1044033243479135e-8,1,-6.752348014060772e-8,0.9392114281654358,1.2810787097805587e-8,0.34333938360214236],"delta":0.015113592147827149,"ws":24,"jump":false},{"cf":[-926.5721435546875,178.89857482910157,873.3303833007813,0.3433392345905304,-6.014560227640686e-8,-0.9392114877700806,1.9266517270466467e-8,1,-5.699530802871777e-8,0.9392114877700806,1.4733915199016679e-9,0.3433392345905304],"delta":0.01655435562133789,"ws":24,"jump":false},{"cf":[-926.1024780273438,179.23953247070313,873.1585693359375,0.34333914518356326,-5.132275049390955e-8,-0.9392114877700806,2.953475686240381e-8,1,-4.384775209587133e-8,0.9392114877700806,-1.2684734151946487e-8,0.34333914518356326],"delta":0.017155170440673829,"ws":24,"jump":false},{"cf":[-925.8206787109375,179.40322875976563,873.0554809570313,0.34333938360214236,-4.6033566292180697e-8,-0.9392114281654358,3.569044082496475e-8,1,-3.596595377075573e-8,0.9392114281654358,-2.1172340325392726e-8,0.34333938360214236],"delta":0.016417980194091798,"ws":24,"jump":false},{"cf":[-925.35107421875,179.60794067382813,872.8836669921875,0.33354508876800539,-3.318992725098724e-8,-0.9427341222763062,4.7816140380518848e-8,1,-1.828838946948963e-8,0.9427341222763062,-3.897790890050601e-8,0.33354508876800539],"delta":0.017931699752807618,"ws":24,"jump":false},{"cf":[-924.9740600585938,179.71038818359376,872.7501220703125,0.3325975835323334,-1.7223689141587785e-8,-0.9430688619613648,6.010706243841924e-8,1,2.934860798831096e-9,0.9430688619613648,-5.766122512795846e-8,0.3325975835323334],"delta":0.015263080596923828,"ws":24,"jump":false},{"cf":[-924.5968627929688,179.75833129882813,872.6173095703125,0.3322170674800873,-9.992469074404653e-10,-0.9432029724121094,7.252374700783548e-8,1,2.4485059313406056e-8,0.9432029724121094,-7.653896716419695e-8,0.3322170674800873],"delta":0.016923904418945314,"ws":24,"jump":false},{"cf":[-924.2196655273438,179.7517852783203,872.4844970703125,0.3321731388568878,1.5193014846204279e-8,-0.9432184100151062,8.493272218856873e-8,1,4.60183819939175e-8,0.9432184100151062,-9.539618162079933e-8,0.3321731388568878],"delta":0.01710987091064453,"ws":24,"jump":false},{"cf":[-923.8424682617188,179.69073486328126,872.3516845703125,0.3321681022644043,3.1368024622224769e-8,-0.9432201981544495,9.733137318335139e-8,1,6.753290904271125e-8,0.9432201981544495,-1.1423719570302637e-7,0.3321681022644043],"delta":0.0160372257232666,"ws":24,"jump":false},{"cf":[-923.5595703125,179.6091766357422,872.2520751953125,0.33216753602027895,4.3489855272582648e-8,-0.9432203769683838,1.066234460722626e-7,1,8.365669401655396e-8,0.9432203769683838,-1.2835744200856426e-7,0.33216753602027895],"delta":0.016777992248535157,"ws":24,"jump":false},{"cf":[-923.182373046875,179.4527587890625,872.1192626953125,0.3321673572063446,5.964012927961449e-8,-0.9432204365730286,1.1900362295591549e-7,1,1.0513898729413995e-7,0.9432204365730286,-1.4717039675815614e-7,0.3321673572063446],"delta":0.01614546775817871,"ws":24,"jump":false},{"cf":[-922.7108764648438,179.1805877685547,871.9532470703125,0.33216729760169985,6.399329066653081e-8,-0.9432204961776733,1.0961876739656873e-7,1,1.0644919257174479e-7,0.9432204961776733,-1.38753605938291e-7,0.33216729760169985],"delta":0.01766514778137207,"ws":24,"jump":false},{"cf":[-922.427978515625,178.97640991210938,871.8536376953125,0.32165199518203738,5.499273925124726e-8,-0.9468579888343811,8.174373533620383e-8,1,8.58479083376551e-8,0.9468579888343811,-1.0501285885311518e-7,0.32165199518203738],"delta":0.015947341918945314,"ws":24,"jump":false},{"cf":[-922.0493774414063,178.656494140625,871.724609375,0.3213197886943817,4.374404483087346e-8,-0.9469707608222961,4.592588709328993e-8,1,6.177692313258376e-8,0.9469707608222961,-6.334062163659837e-8,0.3213197886943817],"delta":0.01640462875366211,"ws":24,"jump":false},{"cf":[-921.5757446289063,178.17994689941407,871.5640869140625,0.32099366188049319,2.990818970260989e-8,-0.9470813274383545,1.3499318329834865e-9,1,3.203685849939575e-8,0.9470813274383545,-1.1562122814723353e-8,0.32099366188049319],"delta":0.017885208129882814,"ws":24,"jump":false},{"cf":[-921.1968383789063,177.73739624023438,871.4356689453125,0.3209514021873474,1.883331002261457e-8,-0.9470956921577454,-3.4274414417723167e-8,1,8.270429674439584e-9,0.9470956921577454,2.980674196351174e-8,0.3209514021873474],"delta":0.016574621200561525,"ws":24,"jump":false},{"cf":[-920.9126586914063,177.36972045898438,871.33935546875,0.3209488093852997,1.0532869687551738e-8,-0.9470965266227722,-6.097268823168634e-8,1,-9.540992884637945e-9,0.9470965266227722,6.080919234818794e-8,0.3209488093852997],"delta":0.015583992004394532,"ws":24,"jump":false},{"cf":[-920.4390258789063,176.68881225585938,871.1788330078125,0.3209484815597534,-3.2892419898900018e-9,-0.9470966458320618,-1.054318161664014e-7,1,-3.9201303536628987e-8,0.9470966458320618,1.12435721177917e-7,0.3209484815597534],"delta":0.01846480369567871,"ws":24,"jump":false},{"cf":[-920.0601196289063,176.082763671875,871.0504150390625,0.3209484815597534,-1.4336275278026278e-8,-0.9470966458320618,-1.409649712513783e-7,1,-6.290674292586118e-8,0.9470966458320618,1.5369727179859184e-7,0.3209484815597534],"delta":0.015842199325561525,"ws":24,"jump":false},{"cf":[-919.6812133789063,175.42221069335938,870.9219970703125,0.31071776151657107,-1.4855110919143044e-8,-0.9505022168159485,-1.119087684742226e-7,1,-5.221150800593932e-8,0.9505022168159485,1.225925814196671e-7,0.31071776151657107],"delta":0.016668319702148439,"ws":24,"jump":false},{"cf":[-919.288330078125,174.7071533203125,870.793212890625,0.3100907802581787,-9.28554566570483e-9,-0.950706958770752,-8.098510306808748e-8,1,-3.61817917848839e-8,0.950706958770752,8.821274377623922e-8,0.3100907802581787],"delta":0.016783475875854493,"ws":24.959999084472658,"jump":false},{"cf":[-918.892822265625,173.93760681152345,870.664306640625,0.32098719477653506,-2.2988178027816277e-9,-0.9470835328102112,-5.0176065968798869e-8,1,-1.943301874973713e-8,0.9470835328102112,5.3758675733206476e-8,0.32098719477653506],"delta":0.017003774642944337,"ws":24.959999084472658,"jump":false},{"cf":[-918.4985961914063,173.11355590820313,870.531494140625,0.32094502449035647,3.6746858889102897e-9,-0.9470978379249573,-1.9392633276993366e-8,1,-2.6916788797848314e-9,0.9470978379249573,1.9230601111530633e-8,0.32094502449035647],"delta":0.01642751693725586,"ws":24.959999084472658,"jump":false},{"cf":[-918.1045532226563,172.23500061035157,870.39794921875,0.320940226316452,9.645725107532144e-9,-0.9470994472503662,1.136451466265953e-8,1,1.4035542506007915e-8,0.9470994472503662,-1.5267895392412357e-8,0.320940226316452],"delta":0.017456531524658204,"ws":24.959999084472658,"jump":false},{"cf":[-917.7105102539063,173.11065673828126,870.264404296875,0.3209397792816162,1.561178564202237e-8,-0.9470996260643005,4.2095393837371378e-8,1,3.074847754191978e-8,0.9470996260643005,-4.973694345267177e-8,0.3209397792816162],"delta":0.015908479690551759,"ws":24.959999084472658,"jump":true},{"cf":[-917.3164672851563,173.9352264404297,870.130859375,0.3209402859210968,2.1572750696918775e-8,-0.9470994472503662,7.280000602349901e-8,1,4.7447191064975416e-8,0.9470994472503662,-8.417655550374548e-8,0.3209402859210968],"delta":0.017258167266845704,"ws":24.959999084472658,"jump":false},{"cf":[-916.9224243164063,174.70530700683595,869.997314453125,0.3209405541419983,2.752868155653232e-8,-0.9470993280410767,1.034783636555403e-7,1,6.413169018060216e-8,0.9470993280410767,-1.1858674753284504e-7,0.3209405541419983],"delta":0.015496015548706055,"ws":24.959999084472658,"jump":false},{"cf":[-916.6268920898438,175.24710083007813,869.8971557617188,0.3209402561187744,3.199237141870981e-8,-0.9470994472503662,1.264699278635817e-7,1,7.663573597938012e-8,0.9470994472503662,-1.4437509321396647e-7,0.3209402561187744],"delta":0.016289234161376954,"ws":24.959999084472658,"jump":false},{"cf":[-916.1343383789063,176.0819549560547,869.730224609375,0.33078697323799136,3.037215989820652e-8,-0.9437054395675659,1.1963240353907168e-7,1,7.41174090990171e-8,0.9437054395675659,-1.3741482973728126e-7,0.33078697323799136],"delta":0.017969131469726564,"ws":24.959999084472658,"jump":false},{"cf":[-915.74169921875,176.68853759765626,869.5927124023438,0.34187793731689455,3.2762720536538839e-8,-0.9397443532943726,9.395939315481883e-8,1,6.904576110855487e-8,0.9397443532943726,-1.1190302728891766e-7,0.34187793731689455],"delta":0.015819072723388673,"ws":24.959999084472658,"jump":false},{"cf":[-915.4484252929688,177.1077117919922,869.4862670898438,0.35335320234298708,4.1386805094134618e-8,-0.9354900121688843,7.786324829339719e-8,1,7.365127885350376e-8,0.9354900121688843,-9.8865207576182e-8,0.35335320234298708],"delta":0.01596808433532715,"ws":24.959999084472658,"jump":false},{"cf":[-915.0592041015625,177.61891174316407,869.3395385742188,0.3640562891960144,6.292382437322886e-8,-0.9313769340515137,6.058472479253396e-8,1,9.1241339816861e-8,0.9313769340515137,-8.964420317170152e-8,0.3640562891960144],"delta":0.017009258270263673,"ws":24.959999084472658,"jump":false},{"cf":[-914.6717529296875,178.0756072998047,869.1881713867188,0.3750896155834198,9.511271770179519e-8,-0.9269885420799255,4.7968057970138037e-8,1,1.2201341803574906e-7,0.9269885420799255,-9.023180780332041e-8,0.3750896155834198],"delta":0.016073226928710939,"ws":24.959999084472658,"jump":false},{"cf":[-914.2860717773438,178.47781372070313,869.0322265625,0.3860659897327423,1.2199119225897449e-7,-0.9224711656570435,3.7009016295996847e-8,1,1.477326492249631e-7,0.9224711656570435,-9.117430010974204e-8,0.3860659897327423],"delta":0.017168760299682618,"ws":24.959999084472658,"jump":false},{"cf":[-913.9022827148438,178.8255157470703,868.8717041015625,0.38707345724105837,1.0888440016287859e-7,-0.9220488667488098,2.0299689040825798e-8,1,1.266113685005621e-7,0.9220488667488098,-6.772520322329001e-8,0.38707345724105837],"delta":0.016587495803833009,"ws":24.959999084472658,"jump":false},{"cf":[-913.4228515625,179.18350219726563,868.6702880859375,0.39703595638275149,9.619364504942496e-8,-0.9178030490875244,1.888321277121463e-9,1,1.0562546748360546e-7,0.9178030490875244,-4.367021944062799e-8,0.39703595638275149],"delta":0.017346620559692384,"ws":24.959999084472658,"jump":false},{"cf":[-913.1364135742188,179.357421875,868.546630859375,0.41836243867874148,9.812894319338739e-8,-0.9082801938056946,-3.95259336372078e-9,1,1.0621758406159643e-7,0.9082801938056946,-4.084738236542762e-8,0.41836243867874148],"delta":0.016056537628173829,"ws":24.959999084472658,"jump":false},{"cf":[-912.7582397460938,179.5416259765625,868.3732299804688,0.4192950129508972,1.161655731607425e-7,-0.9078500270843506,-5.088103272044009e-9,1,1.2560681739159919e-7,0.9078500270843506,-4.8047077427781917e-8,0.4192950129508972],"delta":0.01661372184753418,"ws":24.959999084472658,"jump":false},{"cf":[-912.2864379882813,179.6952362060547,868.1547241210938,0.42941245436668398,1.4351999766404334e-7,-0.9031084775924683,-4.082716387188157e-9,1,1.5697651178925299e-7,0.9031084775924683,-6.372053462655458e-8,0.42941245436668398],"delta":0.017133712768554689,"ws":24.959999084472658,"jump":false},{"cf":[-911.9107055664063,179.75680541992188,867.9761352539063,0.43041008710861208,1.2357880052604742e-7,-0.9026334285736084,-8.202879486773895e-10,1,1.36518025328769e-7,0.9026334285736084,-5.8018319037955737e-8,0.43041008710861208],"delta":0.017421722412109376,"ws":24.959999084472658,"jump":false},{"cf":[-911.6290893554688,179.76722717285157,867.8417358398438,0.44080519676208498,9.723759575308577e-8,-0.8976027965545654,2.5620450205821045e-9,1,1.0958851959230742e-7,0.8976027965545654,-5.060688579305861e-8,0.44080519676208498],"delta":0.015394449234008789,"ws":24.959999084472658,"jump":false},{"cf":[-911.1622314453125,179.71646118164063,867.6128540039063,0.44113364815711977,5.799734026368242e-8,-0.8974414467811585,9.809367540469794e-9,1,6.944696195887446e-8,0.8974414467811585,-3.9438724286355867e-8,0.44113364815711977],"delta":0.01823258399963379,"ws":24.959999084472658,"jump":false},{"cf":[-910.7889404296875,179.61453247070313,867.4292602539063,0.4414904713630676,2.682350164207037e-8,-0.8972659111022949,1.5666566710592634e-8,1,3.7603278713049806e-8,0.8972659111022949,-3.06585654641367e-8,0.4414904713630676],"delta":0.01641249656677246,"ws":24.959999084472658,"jump":false},{"cf":[-910.4156494140625,179.45811462402345,867.2456665039063,0.44151198863983157,-4.306750955862526e-9,-0.8972553610801697,2.1518312465218515e-8,1,5.788588275379425e-9,0.8972553610801697,-2.1863151289380768e-8,0.44151198863983157],"delta":0.01617884635925293,"ws":24.959999084472658,"jump":false},{"cf":[-910.0423583984375,179.2471923828125,867.0620727539063,0.4415145218372345,-3.540961657222397e-8,-0.8972541093826294,2.7365029353632054e-8,1,-2.599883330844932e-8,0.8972541093826294,-1.3074522797751343e-8,0.4415145218372345],"delta":0.017771005630493165,"ws":24.959999084472658,"jump":false},{"cf":[-909.6690673828125,178.9817657470703,866.8784790039063,0.45115238428115847,-6.478667557985318e-8,-0.8924469351768494,3.44604274005178e-8,1,-5.5173888569015619e-8,0.8924469351768494,-5.862272001166957e-9,0.45115238428115847],"delta":0.015393495559692383,"ws":24.959999084472658,"jump":false},{"cf":[-909.2977294921875,178.66184997558595,866.6910400390625,0.451741486787796,-9.017573177061422e-8,-0.8921488523483276,4.35046274560591e-8,1,-7.904834120608939e-8,0.8921488523483276,-3.103191037467923e-9,0.451741486787796],"delta":0.016819000244140626,"ws":24.959999084472658,"jump":false},{"cf":[-909.0194091796875,178.38613891601563,866.550048828125,0.4619899094104767,-1.0807964656578406e-7,-0.8868851661682129,5.1031598502504497e-8,1,-9.528129396585428e-8,0.8868851661682129,-1.240171965122272e-9,0.4619899094104767],"delta":0.016225337982177736,"ws":24.959999084472658,"jump":false},{"cf":[-908.6502685546875,177.97084045410157,866.3582153320313,0.4623318612575531,-1.2924627412758128e-7,-0.8867069482803345,6.24712370722591e-8,1,-1.1318714854269274e-7,0.8867069482803345,-3.063652442847342e-9,0.4623318612575531],"delta":0.016071796417236329,"ws":24.959999084472658,"jump":false},{"cf":[-908.1891479492188,177.3750762939453,866.1177368164063,0.47183758020401,-1.5190641988738208e-7,-0.8816854953765869,7.884773367550224e-8,1,-1.3009524479912216e-7,0.8816854953765869,-8.135079276883062e-9,0.47183758020401],"delta":0.01755380630493164,"ws":24.959999084472658,"jump":false},{"cf":[-907.9139404296875,176.97674560546876,865.970703125,0.47280216217041018,-1.616500782120056e-7,-0.8811686038970947,9.071441553487603e-8,1,-1.3477568927555695e-7,0.8811686038970947,-1.6212451825481368e-8,0.47280216217041018],"delta":0.016318082809448243,"ws":24.959999084472658,"jump":false},{"cf":[-907.5474853515625,176.39794921875,865.77392578125,0.473088800907135,-1.7428477860903514e-7,-0.8810147643089294,1.06762740870181e-7,1,-1.4049314245312417e-7,0.8810147643089294,-2.759381345640577e-8,0.473088800907135],"delta":0.01635909080505371,"ws":24.959999084472658,"jump":false},{"cf":[-907.1810302734375,175.7646484375,865.5771484375,0.4731597602367401,-1.5291828958652332e-7,-0.8809766173362732,9.954315061122543e-8,1,-1.201149615326358e-7,0.8809766173362732,-3.086162436716222e-8,0.4731597602367401],"delta":0.016437292098999025,"ws":24.959999084472658,"jump":false},{"cf":[-906.7229614257813,174.89637756347657,865.3311767578125,0.47316789627075198,-8.378566462852177e-8,-0.8809722661972046,6.145540254465232e-8,1,-6.209836556081427e-8,0.8809722661972046,-2.4757554228926894e-8,0.47316789627075198],"delta":0.01699662208557129,"ws":24.959999084472658,"jump":false},{"cf":[-906.3565063476563,174.1404571533203,865.1343994140625,0.47316887974739077,-2.853244041034486e-8,-0.8809717297554016,3.101452605847044e-8,1,-1.5729598956681913e-8,0.8809717297554016,-1.988016329335096e-8,0.47316887974739077],"delta":0.017037391662597657,"ws":24.959999084472658,"jump":false},{"cf":[-905.9900512695313,173.3300323486328,864.9376220703125,0.4731689989566803,2.667363396824385e-8,-0.8809716701507568,5.996357854698431e-10,1,3.0599579758927578e-8,0.8809716701507568,-1.500703383783275e-8,0.4731689989566803],"delta":0.017621755599975587,"ws":24.959999084472658,"jump":false},{"cf":[-905.6235961914063,172.46510314941407,864.7408447265625,0.4731689989566803,8.183258159988327e-8,-0.8809716701507568,-2.9789287481207795e-8,1,7.688920788950782e-8,0.8809716701507568,-1.0138071715459774e-8,0.4731689989566803],"delta":0.017003297805786134,"ws":24.959999084472658,"jump":false},{"cf":[-905.2571411132813,172.06674194335938,864.5440673828125,0.4731689989566803,8.486796332363156e-8,-0.8809716701507568,-3.7036706146409418e-8,1,7.644212018931285e-8,0.8809716701507568,-3.5417531130121917e-9,0.4731689989566803],"delta":0.016100645065307618,"ws":24.959999084472658,"jump":false},{"cf":[-904.8906860351563,172.94239807128907,864.3472900390625,0.4731689989566803,7.054934059169682e-8,-0.8809716701507568,-3.657603642182039e-8,1,6.043632794217047e-8,0.8809716701507568,3.6258576141534606e-9,0.4731689989566803],"delta":0.017384767532348634,"ws":24.959999084472658,"jump":true},{"cf":[-904.5242309570313,173.7669677734375,864.1505126953125,0.4731689989566803,5.624294274753083e-8,-0.8809716701507568,-3.611576104844971e-8,1,4.444420298455043e-8,0.8809716701507568,1.078734346293686e-8,0.4731689989566803],"delta":0.01546931266784668,"ws":24.959999084472658,"jump":false},{"cf":[-904.2493896484375,174.34963989257813,864.0028686523438,0.4435151517391205,5.287780879825732e-8,-0.8962668776512146,-3.2398801863564589e-8,1,4.296538236303604e-8,0.8962668776512146,9.982174198341909e-9,0.4435151517391205],"delta":0.01664423942565918,"ws":24.959999084472658,"jump":false},{"cf":[-903.7838745117188,175.25262451171876,863.771240234375,0.42386600375175478,1.0544987105731707e-7,-0.9057249426841736,2.6719140233666396e-9,1,1.176763504417977e-7,0.9057249426841736,-5.2299022001989218e-8,0.42386600375175478],"delta":0.016572952270507814,"ws":24.959999084472658,"jump":false},{"cf":[-903.4070434570313,175.9136962890625,863.5950317382813,0.3914546072483063,1.1782064746057586e-7,-0.9201974272727966,3.221406430498064e-8,1,1.4174240448028287e-7,0.9201974272727966,-8.512901672474982e-8,0.3914546072483063],"delta":0.01638197898864746,"ws":24.959999084472658,"jump":false},{"cf":[-903.120361328125,176.37374877929688,863.47216796875,0.3681066632270813,1.1631134810841104e-7,-0.9297835826873779,4.828423527669656e-8,1,1.4421108573969833e-7,0.9297835826873779,-9.797894762186843e-8,0.3681066632270813],"delta":0.01645803451538086,"ws":24.959999084472658,"jump":false},{"cf":[-902.6369018554688,177.07235717773438,863.2805786132813,0.3568706214427948,1.0213771162170815e-7,-0.9341537952423096,6.120810525089837e-8,1,1.327202028278407e-7,0.9341537952423096,-1.0454172638674209e-7,0.3568706214427948],"delta":0.017427682876586915,"ws":24.959999084472658,"jump":false},{"cf":[-902.345458984375,177.45065307617188,863.1693115234375,0.3340195119380951,1.026493237077375e-7,-0.9425661563873291,7.032254956129691e-8,1,1.338244857151949e-7,0.9425661563873291,-1